427166	22
427256	22
427533	22
427594	22
427595	22
427632	22
427648	22
427807	22
427860	22
427945	22
428598	28
428209	22
428226	22
428648	22
428623	23
428638	22
428664	22
429500	22
429487	22
431528	22
431597	22
431618	22
431466	28
431491	22
429934	22
429934	22
429923	22
431548	22
432660	0
432658	22
432669	22
432961	22
433179	22
433200	22
433299	22
433309	22
433362	22
433401	22
433405	22
433429	22
433460	22
433469	22
433472	22
433505	22
433517	22
433551	22
433562	22
433598	22
433683	22
433690	22
433740	22
433984	22
434038	22
434635	22
434669	22
435076	22
435155	23
435161	22
435251	22
435259	12
435260	12
435265	12
435267	12
435268	12
435270	22
435272	12
435283	12
435297	12
435299	12
435301	12
435308	22
435329	22
435419	22
435498	22
435514	22
435597	22
435756	22
435831	22
435934	12
435935	12
435936	12
435939	12
435945	12
435946	12
435952	12
435954	12
435956	12
435971	12
435972	12
435973	12
435977	12
435981	12
435995	12
435998	12
436000	12
436001	12
436010	12
436030	12
436124	22
436469	22
436503	22
436505	22
436518	22
436913	22
436994	22
437111	22
437120	22
437171	22
437341	28
437400	22
437424	22
437582	22
437619	22
438255	22
438255	22
438277	22
438278	22
438290	22
438321	22
438323	22
438351	22
438519	22
438671	22
438708	22
438209	28
438054	22
437805	22
439204	22
440224	22
441081	22
441314	22
442312	22
442317	22
442321	22
442386	22
442400	22
442463	22
442484	4
442501	22
442504	22
442875	22
442881	22
443089	22
443097	22
444891	22
445336	22
444886	28
444572	9
444191	0
446133	22
446009	22
445741	22
445043	22
444930	22
444786	22
444569	22
446563	22
444426	23
444308	22
444200	22
446659	22
441981	22
443683	0
443253	22
447043	22
448030	22
448030	22
449709	22
449344	22
449079	22
448969	0
448771	0
448261	22
448162	22
448150	22
448120	22
448092	0
927980	22
927981	22
927982	26
927984	0
927986	4
927991	3
927993	22
927994	22
927996	3
927997	5
927998	24
927999	4
928001	15
928002	8
928012	26
928014	16
928017	22
928018	8
928019	22
928020	24
928021	23
928022	2
928023	22
928025	0
928026	22
928027	2
928029	2
928030	24
928031	22
928032	22
928033	22
928034	22
928035	15
928036	22
928038	28
928039	22
928040	2
928041	2
928042	4
928042	4
928044	28
928046	22
928050	18
928052	23
928053	23
928054	13
928055	21
928056	4
928057	20
928058	22
928060	22
928061	21
928063	13
928065	22
928066	22
928067	20
928068	6
928069	22
928070	22
928072	2
928074	28
928075	28
928076	4
928077	23
928079	25
928080	22
928088	22
928093	22
928095	22
928096	22
928097	28
928098	1
928099	28
928100	28
928101	24
928102	22
928103	28
928104	28
928105	13
928106	28
928107	13
928108	22
928109	28
928111	22
928112	22
928113	22
928114	3
928115	22
928117	22
928118	22
928120	22
928123	22
928124	22
928125	22
928128	16
928129	0
928130	22
928131	22
928133	21
928135	0
928137	23
928139	27
928140	15
928141	25
928142	22
928143	27
928144	23
928145	23
928146	22
928147	27
928149	23
928150	13
928151	22
928152	18
928153	22
928154	21
928155	26
928156	16
928157	6
928158	13
928159	4
928161	10
928162	18
928163	22
928165	22
928167	28
928168	22
928170	24
928172	22
928173	24
928174	22
928175	24
928175	24
928176	22
928177	7
928178	28
928179	22
928180	22
928181	28
928182	21
928185	22
928188	21
928189	19
928190	2
928193	22
928196	28
928197	22
928198	24
928200	28
928202	28
928203	1
928205	28
928207	5
928209	22
928212	28
928213	18
928215	15
928216	13
928220	28
928221	28
928222	15
928227	15
928228	13
928230	15
928231	22
928232	22
928233	22
928234	20
928235	28
928236	22
928237	22
928238	5
928239	5
928240	27
928242	28
928246	22
928247	22
928248	13
928249	8
928250	4
928251	28
928252	24
928253	22
928254	22
928255	28
928257	28
928262	22
928263	22
928264	28
928265	23
928266	22
928268	22
928269	22
928270	22
928275	22
928276	22
928277	18
928279	15
928282	22
928283	25
928285	20
928286	0
928287	22
928288	0
928292	2
928293	23
928294	22
928295	25
928298	0
928299	24
928301	24
928303	22
928304	22
928305	23
928306	22
928307	23
928308	21
928309	25
928310	4
928312	24
928313	5
928315	4
928316	20
928317	7
928318	21
928320	27
928321	13
928322	22
928323	22
928324	22
928327	22
928329	27
928330	22
928332	0
928333	22
928334	22
928335	1
928336	5
928337	9
928339	22
928340	8
928341	24
928342	24
928344	23
928345	14
928348	22
928349	20
928350	22
928351	22
928352	22
928353	9
928355	21
928356	22
928357	4
928358	4
928358	4
928359	20
928360	28
928361	22
928362	13
928363	22
928364	15
928365	22
928366	21
928367	20
928368	0
928369	21
928370	0
928371	24
928372	23
928373	5
928374	4
928375	17
928376	18
928377	28
928380	25
928381	23
928382	15
928383	0
928385	22
928386	0
928387	22
928388	28
928390	18
928391	0
928392	27
928393	21
928394	0
928395	22
928396	24
928398	10
928399	24
928400	28
928401	24
928402	24
928404	23
928409	22
928410	0
928411	0
928412	15
928414	24
928415	22
928418	21
928419	13
928421	10
928422	22
928424	14
928431	7
928432	20
928434	16
928434	16
928437	22
928439	19
928440	3
928441	7
928442	22
928443	22
928445	22
928446	22
928447	4
928448	1
928449	21
928450	24
928451	22
928452	27
928453	22
928454	28
928455	22
928456	10
928457	15
928458	23
928460	21
928461	13
928463	22
928467	25
928468	22
928471	18
928472	27
928474	20
928475	28
928476	13
928477	18
928479	26
928486	15
928487	24
928488	23
928489	14
928490	25
928491	22
928492	4
928493	22
928494	22
928495	5
928498	27
928499	4
928501	26
928503	22
928504	2
928505	28
928506	19
928507	22
928508	3
928509	28
928510	13
928515	2
928517	22
928518	22
928519	22
928520	22
928521	24
928522	13
928523	22
928524	5
928525	9
928526	3
928527	26
928528	22
928530	24
928533	1
928537	20
928539	16
928540	11
928541	10
928542	22
928543	22
928545	5
928547	7
928548	13
928549	22
928550	22
928553	24
928554	2
928555	24
928557	5
928558	14
928559	22
928560	22
928563	8
928564	28
928565	22
928566	22
928566	22
928567	27
928571	4
928571	4
928573	16
928575	25
928576	22
928577	4
928578	11
928579	11
928580	23
928581	22
928582	3
928583	22
928584	22
928585	8
928586	22
928587	22
928588	28
928590	26
928591	4
928591	4
928592	22
928593	19
928596	5
928597	4
928599	22
928600	4
928603	19
928604	19
928606	19
928608	22
928610	24
928612	24
928615	22
928616	22
928617	22
928618	22
928620	8
928621	24
928624	5
928625	6
928626	3
928627	22
928628	4
928628	4
928630	22
928632	22
928633	22
928634	28
928635	22
928638	22
928642	11
928643	22
928648	1
928649	18
928650	1
928651	18
928656	19
928657	18
928658	22
928659	28
928660	5
928661	5
928662	2
928663	22
928664	22
928665	9
928667	0
928668	0
928669	18
928670	23
928672	2
928673	22
928674	22
928675	22
928678	23
928680	22
928681	4
928682	21
928685	22
928686	23
928687	22
928689	28
928690	22
928691	28
928692	2
928696	21
928698	24
928699	13
928700	1
928701	18
928704	22
928705	28
928706	8
928710	7
928711	22
928712	22
928714	22
928717	22
928719	4
928721	22
928722	25
928723	0
928724	22
928725	22
928726	21
928727	22
928729	3
928730	14
928731	3
928732	28
928733	2
928735	5
928737	5
928738	4
928740	2
928741	22
928742	0
928743	22
928744	28
928745	22
928746	13
928747	2
928749	23
928750	22
928751	22
928752	22
928755	20
928756	24
928757	5
928758	5
928759	13
928760	24
928761	5
928762	20
928767	22
928768	22
928770	25
928771	28
928772	22
928773	19
928774	21
928775	25
928776	5
928778	5
928779	22
928780	18
928781	24
928782	22
928784	22
928785	22
928791	28
928792	5
928793	21
928794	22
928795	22
928797	19
928798	21
928799	27
928800	18
928801	22
928803	21
928804	22
928806	28
928807	25
928808	22
928810	22
928811	14
928812	20
928814	25
928816	16
928818	28
928819	20
928820	22
928821	22
928823	22
928825	22
928827	22
928828	5
928830	22
928832	25
928833	26
928834	22
928836	13
928837	22
928840	28
928842	28
928845	24
928853	22
928854	22
928855	20
928856	5
928857	22
928859	27
928860	22
928864	14
928865	18
928867	28
928870	22
928872	22
928880	19
928881	16
928883	20
928884	13
928885	16
928887	22
928888	5
928889	20
928890	2
928891	21
928892	22
928893	28
928895	22
928898	28
928899	22
928901	24
928902	19
928903	22
928907	22
928908	22
928909	3
928910	21
928911	7
928912	22
928914	14
928921	2
928922	18
928923	22
928924	25
928925	24
928926	24
928926	24
928927	26
928929	22
928931	22
928932	22
928934	22
928935	27
928936	8
928937	27
928939	22
928940	22
928942	27
928943	21
928944	21
928946	22
928947	4
928948	22
928950	22
928951	18
928952	19
928953	24
928954	22
928956	22
928958	22
928962	24
928963	22
928968	22
928969	22
928970	22
928971	22
928972	22
928973	23
928974	24
928976	22
928977	24
928978	23
928981	8
928982	22
928987	21
928988	8
928989	25
928990	26
928991	20
928999	25
928999	25
929001	22
929002	5
929004	20
929010	22
929013	19
929014	21
929015	22
929016	21
929017	28
929018	22
929019	22
929021	22
929023	5
929025	2
929030	24
929032	22
929033	5
929036	3
929041	22
929043	22
929044	22
929046	10
929049	10
929050	20
929052	2
929053	27
929054	2
929056	0
929057	24
929059	21
929060	24
929065	28
929066	23
929067	21
929068	28
929069	22
929071	0
929073	20
929080	21
929083	22
929087	22
929088	25
929092	22
929093	5
929094	21
929095	20
929096	22
929097	28
929098	21
929099	24
929102	22
929105	0
929106	0
929107	27
929108	27
929109	18
929112	0
929113	22
929114	22
929115	13
929116	21
929117	22
929126	20
929129	4
929130	22
929131	2
929134	22
929134	22
929135	2
929138	0
929139	28
929140	22
929143	20
929144	22
929145	24
929146	26
929152	24
929153	24
929154	3
929160	0
929162	21
929163	5
929164	19
929165	13
929166	21
929167	18
929168	13
929169	8
929172	27
929176	21
929177	0
929178	21
929179	2
929185	24
929185	24
929189	18
929190	5
929191	24
929192	20
929194	22
929195	22
929196	22
929198	22
929199	22
929200	17
929207	24
929208	28
929211	24
929212	22
929214	24
929215	17
929224	22
929225	17
929228	20
929229	20
929230	5
929232	22
929238	28
929245	22
929247	26
929255	13
929256	15
929257	5
929262	24
929265	22
929266	0
929269	22
929271	4
929272	7
929277	4
929278	22
929280	13
929282	5
929283	24
929284	13
929285	22
929287	3
929291	4
929293	18
929294	22
929295	13
929296	5
929297	25
929298	8
929301	21
929302	22
929303	22
929307	22
929309	17
929310	27
929311	22
929312	4
929313	22
929314	18
929315	22
929317	22
929319	8
929325	10
929326	22
929331	17
929333	22
929334	22
929335	22
929337	22
929338	19
929339	22
929340	21
929341	4
929342	2
929344	22
929345	2
929351	22
929353	8
929354	15
929355	5
929356	28
929364	22
929369	22
929370	11
929371	11
929374	22
929378	4
929381	21
929382	25
929383	3
929385	10
929387	23
929392	13
929393	22
929399	23
929404	0
929406	0
929407	5
929409	22
929412	22
929414	28
929415	5
929417	22
929418	27
929420	22
929422	13
929424	22
929426	22
929427	9
929428	2
929433	22
929434	1
929435	22
929436	22
929437	25
929438	28
929439	15
929443	24
929444	26
929445	22
929446	22
929450	23
929452	7
929454	22
929456	28
929458	28
929459	22
929460	28
929461	13
929462	22
929463	22
929464	28
929466	22
929470	25
929476	13
929477	24
929479	13
929483	22
929484	22
929485	22
929486	24
929487	19
929488	22
929489	24
929491	22
929492	22
929493	10
929494	28
929495	28
929496	2
929502	23
929504	23
929505	28
929507	25
929508	28
929509	3
929510	8
929511	28
929512	26
929513	22
929516	28
929517	23
929518	22
929519	27
929520	23
929529	22
929530	22
929531	8
929534	22
929535	22
929536	22
929542	22
929545	23
929545	23
929547	22
929548	23
929550	5
929551	13
929552	24
929553	24
929554	5
929555	22
929556	0
929557	22
929559	22
929560	24
929562	22
929564	2
929566	22
929572	22
929574	14
929575	2
929578	23
929579	1
929582	25
929583	16
929584	22
929585	24
929586	13
929587	5
929588	22
929589	26
929590	8
929591	13
929592	22
929593	22
929594	2
929597	4
929603	25
929605	24
929606	24
929607	5
929608	22
929609	28
929610	26
929613	28
929614	19
929617	22
929618	28
929619	23
929621	22
929623	5
929628	1
929629	22
929631	22
929632	2
929633	21
929634	5
929635	13
929636	21
929640	18
929643	22
929644	4
929645	26
929646	6
929647	22
929648	0
929649	4
929650	0
929651	22
929652	23
929654	5
929655	22
929657	21
929658	5
929659	27
929660	14
929661	23
929662	11
929663	11
929664	11
929665	22
929666	0
929667	1
929673	5
929674	14
929676	22
929677	22
929678	22
929680	22
929681	22
929683	22
929686	13
929689	22
929691	22
929692	17
929693	10
929694	22
929695	22
929697	5
929698	22
929699	23
929700	5
929703	20
929704	23
929705	23
929712	19
929713	15
929714	25
929716	22
929717	4
929718	28
929719	25
929719	25
929720	5
929721	22
929722	25
929723	22
929724	22
929725	7
929726	18
929727	5
929728	25
929729	22
929731	5
929734	14
929735	22
929736	23
929737	15
929741	23
929742	24
929743	25
929744	0
929745	0
929746	1
929747	5
929748	22
929749	11
929750	1
929751	18
929752	8
929753	10
929755	22
929758	22
929759	22
929760	8
929761	6
929763	23
929764	13
929765	26
929766	6
929767	21
929768	16
929772	18
929775	3
929777	25
929778	23
929782	16
929782	16
929785	23
929787	5
929791	5
929792	22
929793	7
929794	5
929795	25
929796	5
929798	8
929799	22
929801	1
929804	1
929806	23
929808	8
929809	27
929811	22
929812	11
929813	1
929820	22
929821	27
929822	8
929823	10
929824	23
929825	22
929826	23
929829	11
929831	27
929834	18
929835	23
929836	22
929837	20
929839	27
929840	22
929841	22
929842	8
929843	22
929844	22
929845	1
929846	1
929848	22
929849	22
929851	25
929857	0
929858	16
929859	4
929860	6
929861	4
929862	18
929863	18
929866	23
929867	24
929868	22
929869	25
929870	23
929871	0
929872	22
929873	4
929874	25
929876	4
929878	7
929880	5
929881	1
929882	22
929883	2
929884	22
929885	2
929886	22
929887	22
929890	4
929890	4
929891	2
929893	22
929893	22
929894	1
929895	10
929897	21
929899	23
929900	22
929901	22
929902	13
929906	0
929907	24
929908	0
929909	25
929911	3
929913	25
929915	20
929916	1
929917	25
929918	23
929919	25
929920	1
929921	14
929922	18
929923	22
929924	3
929925	1
929926	28
929927	18
929928	22
929932	22
929933	13
929934	5
929935	22
929936	22
929937	21
929938	22
929939	23
929942	22
929944	22
929945	1
929946	27
929947	22
929948	1
929949	22
929950	23
929952	22
929953	25
929954	8
929959	18
929960	18
929961	13
929962	18
929963	4
929970	18
929972	18
929973	28
929974	5
929976	24
929977	22
929978	28
929979	25
929980	24
929980	24
929989	11
929990	5
929991	22
929992	18
929993	13
929994	18
929995	1
929996	22
929997	22
929998	11
929999	23
930000	22
930001	22
930002	25
930003	1
930004	1
930005	22
930006	22
930009	18
930010	13
930011	11
930012	14
930013	5
930017	22
930018	22
930019	22
930021	1
930022	11
930023	14
930025	21
930027	1
930030	5
930031	1
930032	11
930033	11
930034	18
930038	7
930040	22
930041	21
930042	22
930043	13
930044	26
930045	7
930046	6
930047	22
930050	22
930053	23
930054	5
930056	14
930057	0
930058	28
930061	14
930063	2
930064	8
930065	18
930067	13
930069	19
930072	22
930074	22
930075	13
930076	8
930078	1
930081	18
930083	22
930084	22
930085	22
930086	22
930088	18
930089	22
930090	22
930091	15
930092	24
930093	13
930094	13
930095	22
930096	21
930097	28
930099	1
930101	22
930102	8
930103	22
930108	4
930109	18
930110	16
930110	16
930111	28
930113	22
930114	22
930116	22
930116	22
930117	25
930118	13
930119	1
930120	24
930121	1
930123	9
930124	27
930125	23
930126	26
930127	23
930128	3
930129	9
930130	0
930135	22
930136	22
930142	23
930145	22
930146	22
930147	22
930148	13
930149	18
930150	20
930151	21
930153	4
930153	4
930154	18
930157	11
930158	1
930159	0
930160	22
930161	0
930162	18
930163	11
930164	5
930165	4
930166	18
930167	22
930168	28
930170	28
930172	28
930174	2
930175	18
930176	22
930181	26
930182	24
930183	22
930184	22
930185	21
930203	4
930204	4
930205	1
930206	22
930207	9
930208	22
930209	22
930210	15
930212	22
930213	17
930214	3
930217	22
930218	18
930223	0
930224	13
930224	13
930226	22
930228	1
930229	22
930230	5
930232	10
930233	22
930235	8
930236	25
930237	3
930239	8
930240	22
930241	22
930242	28
930243	25
930244	21
930252	22
930254	18
930255	22
930258	23
930259	13
930260	22
930261	22
930263	22
930264	4
930266	18
930268	18
930269	22
930271	19
930272	22
930274	22
930275	26
930276	1
930277	1
930279	13
930280	23
930281	6
930282	23
930283	4
930284	20
930285	21
930288	26
930289	28
930290	22
930291	28
930292	28
930293	28
930294	20
930297	5
930300	6
930301	27
930305	22
930306	22
930307	22
930308	22
930309	22
930310	22
930311	26
930312	19
930327	22
930329	18
930330	13
930331	22
930332	28
930333	21
930334	28
930335	22
930336	2
930340	14
930341	22
930342	22
930343	18
930344	14
930345	23
930346	10
930347	3
930348	10
930349	23
930350	22
930360	22
930361	1
930362	18
930363	21
930365	28
930366	22
930367	2
930368	28
930374	1
930375	22
930376	16
930377	22
930378	24
930379	15
930380	22
930386	22
930387	4
930390	11
930391	6
930392	23
930393	13
930394	27
930395	1
930396	21
930397	22
930398	3
930399	1
930400	22
930402	25
930403	22
930404	22
930405	14
930406	22
930407	5
930409	22
930411	4
930411	4
930412	2
930413	22
930416	22
930417	22
930418	22
930421	22
930425	8
930426	0
930428	22
930429	0
930430	15
930431	18
930432	28
930433	22
930435	22
930436	23
930438	27
930441	22
930442	0
930443	22
930444	22
930445	5
930446	11
930448	1
930450	13
930451	22
930452	3
930454	3
930455	22
930458	22
930461	22
930461	22
930462	22
930463	5
930464	4
930467	22
930468	21
930469	15
930470	22
930471	9
930473	2
930477	22
930478	1
930479	22
930480	1
930481	22
930483	22
930484	25
930485	3
930486	22
930487	1
930488	22
930489	2
930490	17
930491	5
930492	22
930493	22
930494	22
930495	28
930496	22
930498	22
930499	8
930502	18
930503	22
930504	22
930505	0
930506	22
930507	8
930508	16
930509	22
930510	17
930511	22
930513	28
930514	24
930516	22
930519	23
930520	10
930528	22
930529	23
930530	28
930531	22
930532	26
930535	19
930536	7
930539	22
930541	24
930542	15
930544	22
930545	22
930547	23
930548	8
930551	18
930552	28
930553	27
930554	22
930555	22
930557	18
930560	5
930561	22
930562	28
930563	28
930564	22
930566	22
930567	28
930568	22
930569	22
930570	28
930571	22
930574	13
930577	0
930578	15
930579	22
930580	22
930581	22
930582	15
930583	22
930584	20
930585	22
930586	22
930587	23
930588	22
930590	8
930591	22
930592	22
930593	22
930594	22
930595	8
930600	22
930601	5
930602	15
930603	13
930604	11
930606	28
930607	25
930608	18
930609	18
930610	23
930611	22
930612	18
930613	22
930615	22
930616	15
930617	1
930618	22
930619	2
930620	9
930622	22
930624	21
930625	22
930626	5
930627	21
930629	8
930631	19
930632	13
930633	13
930634	23
930636	7
930639	28
930640	13
930644	22
930645	28
930647	22
930648	24
930649	24
930650	19
930651	10
930652	22
930654	22
930655	22
930657	22
930660	24
930663	8
930669	8
930672	27
930673	22
930681	22
930685	22
930689	17
930693	9
930694	1
930698	22
930699	22
930700	19
930701	21
930702	22
930703	4
930704	2
930705	22
930706	19
930707	22
930709	22
930710	26
930717	13
930718	13
930719	28
930720	10
930721	4
930722	28
930730	22
930731	22
930732	19
930733	20
930734	22
930735	18
930736	13
930736	13
930746	11
930747	22
930748	22
930749	1
930750	2
930751	11
930752	14
930753	22
930757	7
930759	22
930760	0
930762	22
930763	22
930764	25
930765	24
930766	0
930767	10
930770	2
930771	22
930772	24
930774	8
930775	17
930777	22
930778	22
930779	9
930780	25
930781	24
930783	1
930785	18
930786	22
930787	22
930788	22
930789	8
930792	25
930793	23
930795	23
930796	0
930797	3
930798	22
930799	6
930800	13
930801	18
930802	22
930803	10
930804	22
930805	22
930806	22
930807	21
930808	22
930809	5
930810	2
930811	22
930812	24
930813	20
930815	2
930816	11
930817	22
930818	9
930819	25
930820	2
930821	25
930822	26
930824	1
930825	13
930826	18
930827	3
930828	1
930829	22
930830	13
930831	10
930833	22
930834	28
930835	2
930838	10
930839	8
930841	22
930844	22
930845	14
930846	22
930847	21
930848	10
930850	24
930851	15
930852	24
930856	22
930860	17
930861	4
930863	5
930864	18
930865	9
930866	27
930867	22
930868	22
930869	27
930871	22
930872	22
930874	22
930875	22
930876	22
930877	1
930878	27
930879	22
930880	22
930881	14
930882	22
930883	22
930885	13
930886	26
930887	22
930889	26
930890	22
930891	22
930892	15
930893	22
930894	0
930895	18
930896	22
930897	22
930899	23
930904	28
930906	14
930907	11
930909	13
930910	23
930911	22
930912	5
930914	14
930915	13
930917	22
930918	26
930919	26
930920	13
930924	23
930926	18
930927	22
930928	21
930929	28
930930	1
930931	22
930932	5
930934	22
930935	6
930937	5
930938	22
930940	9
930941	23
930942	22
930944	22
930945	13
930947	22
930949	15
930951	16
930951	16
930952	8
930953	22
930955	22
930957	20
930959	18
930960	6
930962	27
930964	22
930965	22
930967	23
930968	15
930969	28
930971	0
930973	22
930974	22
930975	22
930976	22
930981	22
930982	0
930983	22
930984	0
930985	24
930987	25
930988	22
930989	8
930992	9
930993	19
930994	22
930995	5
930996	22
930997	22
930998	23
930999	13
931000	2
931000	2
931001	22
931004	1
931005	18
931006	22
931008	22
931010	26
931011	22
931012	22
931013	26
931014	3
931015	19
931016	26
931017	22
931019	5
931020	16
931020	16
931021	22
931023	14
931024	2
931025	18
931026	28
931027	22
931028	1
931029	28
931032	5
931033	22
931034	22
931035	0
931036	11
931038	23
931045	22
931047	22
931050	22
931051	22
931053	22
931056	28
931057	27
931058	22
931059	22
931061	9
931062	22
931064	27
931065	8
931066	18
931067	22
931068	26
931069	0
931070	1
931071	22
931072	8
931073	22
931077	16
931077	16
931078	4
931079	22
931080	24
931085	0
931086	22
931089	22
931090	22
931096	13
931098	13
931099	13
931101	13
931102	3
931105	2
931106	13
931107	22
931108	23
931111	28
931113	22
931114	0
931115	22
931116	25
931117	22
931118	19
931119	26
931120	22
931121	23
931122	18
931124	15
931125	23
931126	8
931128	19
931129	22
931130	9
931131	22
931132	24
931134	5
931136	22
931137	5
931138	24
931139	24
931140	24
931141	2
931142	2
931143	2
931144	2
931145	2
931146	2
931147	22
931149	4
931149	4
931150	22
931151	27
931152	18
931153	22
931155	6
931157	1
931159	7
931161	25
931162	13
931164	3
931165	22
931166	25
931168	9
931169	22
931170	22
931171	22
931172	22
931173	24
931175	22
931176	21
931177	22
931179	22
931180	2
931181	22
931185	4
931186	22
931187	5
931188	16
931188	16
931189	22
931190	5
931191	22
931192	11
931193	11
931194	4
931195	22
931196	13
931197	22
931198	8
931205	0
931206	22
931208	22
931209	24
931210	0
931211	24
931212	22
931213	21
931214	5
931215	24
931216	22
931217	11
931218	22
931219	1
931220	24
931221	23
931222	22
931223	23
931224	23
931226	23
931227	18
931228	2
931230	22
931231	22
931232	22
931233	22
931234	22
931235	28
931237	11
931238	20
931239	3
931240	21
931241	2
931242	11
931244	24
931245	22
931246	19
931248	22
931249	23
931251	23
931252	22
931252	22
931253	18
931258	4
931260	22
931261	22
931262	14
931263	18
931264	21
931268	22
931269	18
931270	21
931274	7
931275	9
931277	20
931284	5
931290	22
931292	22
931293	14
931295	5
931297	5
931298	5
931299	22
931300	5
931301	22
931302	28
931304	13
931305	1
931306	0
931308	22
931310	19
931311	4
931312	22
931313	1
931314	7
931315	24
931317	25
931318	24
931319	16
931319	16
931320	24
931320	24
931324	25
931327	2
931327	2
931328	24
931329	22
931330	22
931334	23
931335	23
931338	16
931339	13
931340	16
931340	16
931341	4
931342	28
931343	22
931346	16
931347	28
931348	18
931349	28
931351	22
931354	5
931356	0
931359	22
931360	22
931361	28
931363	22
931364	15
931365	15
931371	22
931372	0
931376	22
931378	23
931382	23
931383	0
931384	22
931385	20
931386	6
931388	15
931389	22
931390	24
931391	9
931392	6
931393	24
931394	13
931395	23
931397	28
931398	8
931399	24
931400	22
931401	27
931402	8
931403	13
931404	4
931404	4
931405	24
931406	22
931408	5
931409	22
931410	24
931411	22
931412	4
931413	2
931414	4
931414	4
931415	22
931416	7
931417	7
931418	23
931419	5
931420	22
931421	22
931422	20
931424	16
931424	16
931425	22
931426	20
931427	20
931428	22
931429	4
931430	15
931431	15
931432	22
931433	10
931434	22
931435	19
931436	25
931437	22
931439	25
931440	22
931441	18
931445	13
931446	22
931447	24
931447	24
931448	1
931449	8
931450	18
931451	22
931452	22
931453	5
931454	10
931456	20
931457	22
931458	22
931459	20
931460	0
931463	19
931464	19
931465	22
931466	13
931467	8
931468	10
931469	22
931470	22
931471	3
931472	10
931473	3
931474	22
931475	25
931476	22
931477	24
931478	13
931479	13
931492	22
931493	19
931494	22
931497	22
931498	22
931499	5
931501	22
931503	25
931504	26
931505	22
931506	14
931507	22
931508	22
931509	22
931510	2
931511	28
931513	25
931514	2
931515	2
931516	22
931517	22
931518	28
931519	5
931520	28
931522	20
931523	5
931524	22
931525	14
931527	27
931530	23
931531	27
931533	0
931535	0
931536	22
931537	16
931538	16
931539	16
931540	22
931541	0
931542	21
931543	23
931545	24
931546	21
931547	22
931549	16
931549	16
931552	22
931553	24
931555	28
931556	26
931557	8
931561	28
931562	22
931564	24
931566	22
931567	22
931568	22
931569	23
931570	7
931572	22
931573	25
931574	22
931575	22
931576	24
931576	24
931577	22
931578	22
931579	19
931580	22
931581	24
931582	22
931583	8
931584	18
931585	10
931586	22
931587	23
931588	27
931589	23
931590	22
931592	22
931593	9
931594	2
931595	22
931596	1
931597	22
931598	24
931600	21
931601	22
931604	13
931605	22
931606	5
931607	11
931608	25
931608	25
931609	16
931609	16
931610	28
931611	15
931612	26
931613	22
931614	26
931616	25
931617	7
931618	22
931619	24
931620	23
931622	9
931623	8
931624	21
931625	22
931626	22
931627	3
931628	22
931629	27
931631	22
931633	26
931634	27
931635	22
931636	18
931637	1
931638	22
931639	11
931640	2
931642	8
931646	20
931648	22
931649	22
931650	27
931651	7
931652	22
931654	22
931655	5
931656	18
931657	22
931658	18
931661	22
931663	11
931664	24
931665	28
931668	18
931669	1
931670	22
931671	28
931672	11
931673	0
931677	1
931679	7
931680	22
931682	0
931683	24
931685	22
931687	5
931688	22
931693	25
931694	22
931695	14
931696	22
931697	22
931698	22
931699	16
931699	16
931700	5
931701	7
931703	14
931706	22
931707	22
931708	22
931710	2
931711	15
931712	22
931713	26
931715	22
931717	19
931718	0
931719	22
931720	4
931721	16
931721	16
931722	23
931723	22
931726	24
931729	22
931730	22
931731	22
931736	28
931737	27
931738	19
931739	22
931740	19
931741	23
931742	23
931743	22
931744	24
931746	25
931747	22
931748	2
931749	22
931751	8
931752	22
931754	13
931756	22
931757	16
931759	4
931759	4
931760	18
931761	22
931762	3
931764	0
931766	0
931767	28
931769	23
931770	22
931772	23
931774	13
931775	22
931777	13
931781	22
931782	10
931783	15
931784	22
931785	8
931786	0
931787	22
931788	9
931789	15
931790	20
931791	22
931792	5
931793	22
931795	22
931797	22
931798	24
931799	22
931800	19
931801	22
931802	22
931803	24
931804	16
931804	16
931805	16
931805	16
931806	16
931808	0
931809	22
931810	0
931811	22
931813	22
931815	23
931816	22
931818	16
931818	16
931819	13
931820	18
931821	22
931822	18
931824	14
931827	23
931828	8
931830	5
931832	18
931833	18
931834	11
931835	22
931836	22
931837	22
931838	2
931839	24
931840	2
931842	1
931843	0
931844	15
931845	24
931845	24
931846	14
931847	22
931848	23
931849	24
931851	24
931852	24
931853	6
931854	22
931855	22
931857	22
931859	26
931860	15
931862	7
931863	15
931865	22
931866	22
931867	22
931868	22
931869	4
931870	22
931872	22
931873	22
931874	21
931876	13
931877	13
931880	0
931881	18
931882	16
931882	16
931883	15
931884	11
931885	22
931887	22
931889	22
931890	6
931891	22
931892	22
931893	23
931894	22
931895	22
931896	21
931897	22
931898	22
931899	24
931900	22
931901	28
931902	28
931903	28
931904	2
931905	16
931906	2
931907	22
931908	22
931909	22
931910	10
931911	22
931912	22
931913	19
931914	22
931915	23
931916	22
931920	16
931920	16
931922	19
931923	0
931924	22
931926	27
931928	22
931930	13
931930	13
931931	8
931932	2
931934	15
931935	2
931950	22
931951	7
931953	18
931957	28
931958	3
931959	22
931961	8
931962	10
931963	3
931965	11
931966	24
931968	9
931972	0
931973	22
931975	24
931976	22
931977	22
931978	22
931979	8
931980	9
931981	8
931982	22
931985	18
931986	23
931987	26
931988	24
931989	11
931990	22
931991	22
931993	9
931994	5
931995	22
931996	22
931997	22
931998	20
931999	22
932001	9
932002	16
932002	16
932003	21
932005	1
932006	22
932007	28
932008	5
932010	21
932011	5
932013	27
932014	22
932015	4
932016	1
932017	9
932018	4
932019	22
932021	22
932022	13
932023	24
932024	24
932025	28
932026	13
932027	28
932028	24
932029	28
932030	1
932031	24
932032	22
932033	22
932034	18
932037	22
932038	22
932039	22
932040	0
932043	22
932044	2
932045	15
932046	16
932046	16
932048	22
932049	24
932050	22
932051	0
932052	13
932053	22
932054	14
932055	21
932057	27
932058	2
932059	22
932061	22
932062	22
932063	3
932065	15
932066	25
932067	22
932068	24
932069	24
932070	5
932071	24
932074	22
932075	16
932076	22
932079	16
932080	22
932085	22
932086	22
932088	3
932089	3
932090	23
932092	20
932093	22
932094	2
932095	2
932097	24
932099	4
932099	4
932102	22
932103	25
932105	15
932107	0
932109	22
932111	4
932112	9
932113	22
932116	22
932117	24
932118	16
932118	16
932119	22
932120	21
932121	22
932123	2
932125	8
932127	4
932129	16
932129	16
932130	13
932131	24
932132	24
932133	22
932134	22
932135	22
932136	21
932137	22
932138	22
932139	22
932140	7
932143	13
932144	22
932145	24
932147	24
932148	22
932149	24
932150	16
932150	16
932151	22
932153	23
932155	22
932156	22
932157	4
932157	4
932158	20
932159	16
932159	16
932160	28
932161	18
932162	28
932163	22
932164	4
932165	10
932166	22
932167	22
932168	16
932168	16
932170	14
932171	22
932172	5
932174	5
932175	5
932177	28
932178	22
932179	4
932180	0
932181	21
932182	24
932184	27
932185	22
932186	22
932187	22
932188	22
932190	22
932191	23
932192	22
932193	18
932194	22
932195	22
932196	22
932197	2
932198	18
932203	23
932204	5
932205	22
932206	22
932207	22
932208	22
932209	24
932210	22
932211	7
932212	25
932213	3
932215	18
932216	25
932217	24
932222	4
932223	18
932224	23
932226	18
932227	22
932228	27
932229	22
932230	22
932233	22
932236	25
932237	22
932239	4
932240	22
932240	22
932241	24
932242	22
932244	1
932246	22
932247	22
932251	3
932252	22
932256	22
932257	28
932258	27
932259	5
932260	5
932261	2
932271	19
932272	22
932273	22
932277	22
932278	22
932279	7
932281	4
932281	4
932282	18
932283	18
932286	23
932287	19
932288	14
932289	16
932289	16
932290	25
932291	7
932292	28
932294	28
932296	7
932297	5
932298	18
932300	28
932304	22
932306	25
932307	16
932308	3
932309	22
932311	27
932312	17
932314	8
932315	22
932316	23
932316	23
932318	23
932320	7
932322	9
932323	22
932324	1
932325	22
932326	16
932326	16
932327	18
932328	22
932330	25
932332	24
932333	27
932334	22
932335	22
932336	28
932337	2
932338	28
932339	22
932340	22
932341	22
932342	22
932347	19
932348	3
932349	23
932350	5
932352	21
932357	5
932359	22
932360	22
932361	5
932362	25
932364	15
932366	20
932367	22
932369	2
932370	22
932371	21
932373	27
932374	9
932375	25
932376	22
932380	22
932380	22
932381	2
932383	3
932385	22
932386	22
932387	22
932388	22
932389	24
932390	3
932393	3
932394	13
932396	18
932397	22
932398	23
932399	0
932402	22
932404	22
932405	16
932405	16
932406	18
932408	18
932409	27
932410	22
932411	16
932412	16
932413	15
932415	22
932416	3
932417	0
932418	22
932419	16
932420	8
932421	25
932422	22
932424	2
932425	18
932427	24
932428	22
932429	5
932430	22
932431	18
932434	11
932440	7
932442	9
932443	3
932444	22
932445	2
932446	21
932447	27
932448	22
932449	22
932452	18
932453	4
932456	22
932458	22
932460	14
932461	22
932463	22
932464	1
932467	22
932468	22
932469	18
932471	22
932472	21
932473	3
932477	8
932480	21
932481	25
932482	17
932483	7
932484	22
932486	28
932487	10
932489	21
932490	22
932494	22
932495	21
932496	8
932497	20
932500	25
932501	8
932502	2
932504	27
932505	18
932506	22
932507	0
932508	7
932509	14
932510	22
932512	1
932513	11
932514	22
932515	22
932516	22
932517	14
932518	1
932519	22
932520	5
932522	2
932523	28
932529	17
932531	0
932532	17
932541	1
932542	26
932543	18
932544	0
932546	23
932548	23
932550	22
932554	22
932555	5
932556	22
932557	22
932558	22
932560	23
932561	16
932561	16
932566	22
932567	13
932568	5
932569	22
932571	5
932572	22
932573	20
932575	5
932576	24
932577	10
932578	22
932579	27
932580	2
932584	5
932585	26
932586	1
932587	28
932588	22
932589	24
932591	6
932593	1
932594	22
932596	20
932597	20
932598	20
932599	16
932602	18
932603	22
932604	27
932606	22
932608	22
932609	24
932612	0
932613	13
932614	0
932615	24
932616	26
932619	22
932620	22
932621	21
932623	22
932624	3
932625	20
932631	22
932632	0
932633	22
932633	22
932635	16
932635	16
932636	25
932637	28
932641	18
932642	5
932643	5
932644	22
932645	22
932646	5
932647	20
932649	24
932650	7
932651	22
932652	15
932653	22
932658	13
932660	15
932661	0
932663	27
932664	13
932676	22
932677	22
932678	4
932680	28
932683	8
932684	3
932685	22
932686	2
932690	23
932691	23
932692	22
932694	22
932695	4
932696	28
932697	22
932698	28
932700	22
932703	18
932705	20
932706	20
932708	22
932712	22
932713	22
932714	14
932717	13
932719	5
932721	3
932726	22
932727	19
932728	14
932730	13
932733	11
932734	5
932735	7
932737	18
932741	22
932743	5
932746	4
932752	22
932753	22
932753	22
932754	8
932755	4
932756	23
932757	11
932758	14
932759	22
932760	19
932762	22
932767	7
932768	16
932768	16
932769	22
932770	9
932771	4
932772	22
932774	5
932775	22
932776	8
932777	15
932780	5
932781	5
932785	8
932787	16
932787	16
932788	22
932789	8
932790	22
932791	2
932795	18
932796	0
932797	0
932798	21
932805	22
932806	22
932810	15
932818	0
932826	28
932833	2
932837	0
932839	22
932840	22
932843	23
932846	22
932850	13
932867	22
932870	22
932872	22
932874	7
932876	13
932877	16
932879	22
932880	22
932882	22
932889	15
932901	21
932904	22
932905	24
932909	27
932910	22
932912	24
932918	23
932919	21
932921	22
932923	11
932924	13
932925	22
932930	22
932931	7
932932	25
932945	22
932947	2
932948	22
932949	2
932950	4
932952	1
932953	22
932954	4
932955	17
932956	23
932957	0
932959	22
932960	17
932961	1
932962	22
932965	22
932966	16
932966	16
932969	5
932975	22
932976	22
932982	2
932985	2
932986	22
932986	22
932987	2
932988	21
932990	22
932992	27
932994	21
932995	2
932996	22
932997	5
932999	25
933002	22
933003	16
933004	26
933005	22
933006	18
933007	22
933008	22
933010	23
933011	22
933012	15
933013	28
933014	0
933015	22
933016	22
933017	14
933019	22
933020	22
933022	22
933024	21
933032	22
933033	5
933035	13
933036	7
933042	7
933043	5
933058	22
933064	14
933065	23
933065	23
933066	5
933068	22
933069	14
933070	22
933071	22
933072	18
933073	27
933074	14
933075	28
933076	5
933079	18
933082	5
933083	5
933086	22
933088	4
933095	0
933096	0
933097	22
933099	0
933100	26
933102	24
933105	22
933106	15
933109	22
933111	22
933112	5
933113	22
933114	0
933115	0
933116	2
933117	24
933118	18
933119	22
933121	22
933122	22
933123	22
933124	14
933126	22
933127	28
933129	22
933130	2
933133	19
933134	22
933135	5
933136	0
933137	22
933138	22
933140	2
933141	19
933142	22
933143	15
933144	26
933145	18
933146	11
933147	22
933155	15
933156	5
933157	22
933158	23
933159	5
933160	23
933161	22
933162	25
933163	16
933163	16
933164	22
933165	5
933167	18
933168	28
933170	23
933172	20
933174	3
933175	1
933176	8
933178	18
933186	5
933187	5
933188	25
933189	22
933189	22
933192	20
933194	11
933195	9
933196	22
933197	22
933198	22
933200	2
933207	22
933208	28
933209	11
933211	20
933220	4
933222	8
933229	8
933230	8
933241	27
933244	8
933246	22
933251	22
933258	8
933266	22
933271	28
933278	18
933288	28
933291	22
933307	1
933309	22
933312	22
933313	22
933314	15
933315	23
933316	21
933317	25
933318	24
933319	14
933320	21
933321	25
933322	25
933323	3
933324	25
933325	22
933326	8
933327	22
933329	22
933330	14
933333	22
933334	2
933336	5
933338	24
933340	26
933342	6
933343	22
933344	18
933345	22
933346	23
933347	28
933348	22
933349	2
933350	24
933351	23
933352	22
933353	2
933354	22
933355	22
933356	5
933357	22
933361	2
933362	22
933363	22
933366	23
933368	15
933369	22
933370	11
933372	25
933373	16
933374	7
933376	16
933378	8
933379	8
933380	23
933381	3
933383	22
933384	14
933385	25
933386	5
933387	25
933388	18
933390	8
933400	23
933401	14
933403	22
933404	24
933405	22
933406	22
933411	0
933412	22
933413	4
933414	14
933415	16
933415	16
933416	5
933421	5
933428	8
933434	18
933435	4
933435	4
933436	22
933437	23
933443	22
933444	22
933445	5
933446	22
933447	21
933448	27
933449	22
933452	20
933454	22
933456	14
933458	8
933459	8
933461	22
933462	22
933467	25
933469	25
933470	13
933471	7
933472	15
933474	22
933475	15
933476	5
933478	22
933480	22
933481	22
933482	26
933483	22
933485	23
933486	5
933487	22
933488	15
933492	22
933494	22
933497	21
933499	14
933501	22
933503	28
933508	27
933509	15
933510	22
933511	23
933512	14
933513	23
933514	28
933516	22
933518	11
933519	23
933522	22
933523	22
933524	9
933525	22
933526	22
933528	22
933532	23
933533	22
933534	22
933535	19
933537	18
933538	6
933541	13
933544	8
933545	24
933546	22
933548	25
933549	25
933550	13
933551	25
933552	22
933553	7
933554	20
933556	22
933557	22
933561	22
933562	22
933572	25
933573	22
933577	1
933587	22
933589	22
933590	23
933591	22
933592	22
933593	22
933594	22
933595	26
933599	2
933601	18
933602	10
933606	7
933607	16
933607	16
933608	22
933610	15
933611	18
933615	22
933617	22
933618	13
933627	22
933628	21
933630	0
933632	13
933633	22
933634	22
933635	22
933636	13
933637	22
933638	28
933639	18
933640	22
933649	8
933650	23
933651	22
933653	0
933654	23
933655	22
933656	24
933658	22
933660	22
933661	22
933662	23
933663	5
933664	22
933665	22
933666	18
933667	27
933668	27
933669	5
933670	2
933671	27
933672	4
933673	24
933675	22
933676	9
933677	16
933678	7
933680	13
933681	5
933682	3
933683	5
933684	23
933685	23
933688	7
933689	22
933690	7
933698	22
933700	13
933702	26
933703	22
933706	22
933709	11
933710	25
933711	8
933714	28
933716	22
933717	22
933718	22
933719	1
933720	22
933721	2
933723	1
933726	22
933727	22
933731	7
933732	7
933734	16
933735	22
933740	28
933742	22
933743	5
933745	5
933746	1
933747	27
933748	28
933749	5
933751	15
933752	28
933754	28
933755	22
933756	6
933757	8
933758	21
933759	8
933760	22
933761	8
933762	4
933762	4
933763	3
933765	22
933769	19
933770	23
933770	23
933771	23
933772	22
933773	22
933774	5
933775	22
933776	5
933777	22
933778	5
933780	20
933781	23
933782	22
933783	14
933785	22
933786	13
933787	13
933788	22
933791	0
933793	0
933801	23
933802	26
933804	0
933805	23
933806	16
933806	16
933809	22
933810	7
933811	13
933815	22
933816	2
933818	20
933820	22
933821	2
933822	22
933823	24
933824	23
933825	10
933826	3
933827	22
933828	2
933831	25
933836	22
933837	22
933838	15
933839	22
933840	22
933841	22
933842	22
933844	22
933846	3
933847	22
933848	22
933850	21
933852	22
933854	28
933859	22
933860	2
933861	20
933871	18
933872	22
933872	22
933873	4
933875	5
933878	22
933879	0
933880	28
933882	22
933885	22
933886	19
933887	22
933888	23
933889	22
933890	19
933891	19
933892	19
933893	25
933897	22
933898	22
933899	5
933900	8
933908	23
933910	24
933913	25
933914	5
933915	25
933917	13
933919	4
933920	7
933921	3
933922	2
933923	18
933924	22
933925	14
933927	15
933929	22
933931	24
933932	21
933933	15
933934	27
933935	20
933937	15
933938	26
933939	22
933941	3
933944	21
933945	22
933948	1
933949	13
933951	24
933952	28
933956	22
933957	15
933958	18
933959	22
933961	28
933962	22
933963	28
933965	22
933966	27
933967	22
933968	22
933969	22
933970	22
933971	22
933972	19
933973	19
933975	16
933976	22
933977	22
933978	22
933979	7
933980	24
933982	22
933985	22
933986	20
933987	8
933988	17
933991	27
933991	27
933992	3
933993	6
933994	17
933995	26
933996	22
933997	9
933998	5
933999	11
934000	21
934001	23
934002	22
934003	4
934004	22
934005	5
934006	22
934008	4
934017	22
934018	22
934019	22
934023	24
934024	22
934025	20
934027	8
934028	5
934029	3
934030	20
934032	5
934034	22
934037	22
934039	23
934040	22
934042	28
934044	27
934045	23
934048	5
934049	22
934051	22
934053	5
934056	11
934057	27
934059	16
934060	16
934061	22
934063	14
934066	5
934068	22
934069	22
934070	28
934071	23
934072	22
934073	27
934074	28
934075	22
934076	23
934076	23
934077	18
934078	28
934079	21
934080	28
934081	5
934082	22
934083	22
934084	0
934086	22
934088	16
934090	22
934092	18
934093	5
934094	8
934096	9
934097	22
934098	8
934099	22
934100	22
934102	22
934103	5
934112	22
934114	8
934115	13
934116	22
934117	15
934118	2
934119	22
934120	13
934121	13
934124	13
934125	2
934126	22
934128	22
934129	22
934131	22
934132	22
934137	24
934139	22
934142	22
934144	3
934145	26
934147	22
934148	14
934150	5
934151	22
934153	26
934154	22
934155	22
934156	23
934157	22
934158	3
934159	14
934160	17
934161	15
934162	13
934163	10
934164	10
934165	6
934166	3
934167	3
934169	1
934175	18
934178	28
934179	27
934180	22
934182	22
934185	15
934187	5
934188	1
934191	22
934193	18
934194	22
934195	25
934199	22
934200	4
934202	23
934204	22
934206	7
934208	22
934210	22
934210	22
934211	22
934214	24
934215	22
934216	22
934217	22
934219	22
934220	22
934221	5
934223	7
934224	11
934225	13
934227	26
934229	25
934230	1
934232	22
934233	22
934234	11
934235	23
934236	22
934238	15
934239	22
934240	0
934243	22
934245	20
934247	22
934248	22
934249	22
934251	22
934253	8
934254	0
934255	22
934256	2
934257	22
934258	2
934260	11
934265	28
934267	22
934268	5
934269	27
934270	5
934271	14
934272	5
934273	2
934274	24
934275	13
934276	2
934277	22
934278	22
934279	0
934280	21
934281	20
934283	0
934286	23
934287	27
934291	15
934292	22
934293	22
934294	27
934297	28
934298	22
934298	22
934301	22
934302	22
934304	22
934305	3
934306	3
934307	28
934308	22
934311	24
934312	22
934314	22
934316	16
934317	22
934318	16
934318	16
934322	2
934323	16
934324	22
934325	0
934326	22
934327	22
934328	13
934331	11
934332	10
934333	11
934335	28
934337	2
934338	11
934339	5
934340	23
934341	22
934342	22
934343	22
934344	5
934345	2
934347	28
934348	23
934351	7
934354	22
934355	22
934356	23
934357	22
934360	23
934362	22
934363	22
934367	22
934368	22
934371	26
934372	22
934373	0
934375	28
934377	22
934382	22
934390	28
934393	5
934397	23
934399	7
934403	22
934427	13
934428	7
934429	22
934430	22
934431	23
934433	28
934434	23
934436	22
934437	1
934438	22
934438	22
934440	22
934441	23
934449	23
934454	0
934455	23
934456	28
934457	2
934458	0
934459	22
934460	22
934460	22
934461	11
934462	0
934463	23
934464	19
934465	22
934466	24
934467	22
934468	22
934470	22
934472	19
934474	20
934475	22
934477	22
934478	4
934479	22
934480	22
934481	24
934483	22
934484	22
934486	21
934488	22
934490	8
934492	18
934493	22
934495	22
934497	22
934499	22
934502	22
934503	13
934504	21
934506	22
934507	28
934508	23
934509	15
934511	22
934512	7
934515	22
934516	22
934518	22
934519	23
934520	26
934521	22
934522	15
934523	5
934524	14
934526	22
934527	4
934529	22
934530	22
934531	15
934532	11
934534	13
934535	18
934536	26
934537	4
934537	4
934538	26
934539	22
934540	23
934541	22
934542	22
934543	21
934544	5
934545	5
934546	13
934547	19
934549	22
934552	0
934555	10
934557	22
934562	22
934564	15
934565	22
934567	9
934569	24
934570	21
934571	22
934573	22
934574	22
934575	22
934576	21
934578	1
934579	28
934580	26
934581	7
934582	26
934583	8
934584	22
934585	4
934586	13
934587	8
934588	22
934593	22
934595	22
934596	28
934597	22
934598	23
934600	5
934601	24
934602	19
934603	23
934606	1
934607	22
934610	5
934611	4
934612	16
934612	16
934613	4
934615	18
934616	16
934617	22
934618	22
934619	18
934620	13
934623	0
934624	22
934625	22
934626	14
934627	21
934628	22
934633	18
934634	22
934635	22
934636	18
934637	22
934638	22
934639	22
934640	18
934640	18
934641	3
934642	22
934643	23
934644	3
934645	22
934646	22
934647	22
934649	22
934650	22
934655	22
934657	22
934658	7
934659	27
934667	22
934667	22
934668	22
934669	5
934670	22
934671	28
934672	23
934673	14
934674	19
934675	13
934676	22
934678	18
934679	15
934680	8
934683	22
934684	22
934687	22
934689	22
934690	5
934694	27
934695	22
934697	22
934698	8
934699	7
934702	22
934716	22
934719	15
934721	1
934722	22
934724	0
934730	13
934733	0
934736	22
934738	0
934744	7
934746	4
934749	22
934751	22
934757	22
934758	0
934759	28
934760	22
934761	18
934762	22
934766	18
934769	27
934773	5
934774	27
934778	23
934779	14
934780	27
934781	22
934782	22
934783	22
934784	22
934785	22
934786	21
934787	2
934788	15
934789	22
934790	22
934791	22
934797	22
934798	22
934800	22
934801	8
934803	8
934804	3
934806	22
934807	22
934808	14
934809	23
934810	24
934811	22
934812	23
934812	23
934814	18
934817	22
934818	22
934819	23
934820	22
934821	15
934823	3
934825	18
934827	16
934829	0
934830	15
934831	8
934832	27
934838	6
934839	20
934840	5
934842	22
934843	5
934845	24
934847	22
934848	22
934849	26
934850	22
934851	5
934853	28
934855	24
934856	25
934857	26
934859	22
934861	15
934862	15
934863	5
934864	13
934865	3
934866	23
934867	19
934868	22
934869	22
934871	4
934872	15
934873	5
934875	18
934876	22
934877	25
934879	22
934880	24
934881	25
934882	22
934883	22
934884	22
934886	17
934888	22
934889	25
934890	2
934892	22
934893	4
934894	22
934896	22
934899	0
934900	28
934902	21
934903	19
934905	16
934905	16
934906	24
934907	13
934908	7
934911	24
934912	5
934913	24
934916	22
934918	13
934920	24
934921	5
934922	22
934923	18
934924	22
934927	27
934928	10
934929	5
934931	1
934932	1
934933	3
934934	22
934935	22
934936	6
934941	1
934942	1
934944	4
934945	22
934946	27
934948	5
934949	21
934950	22
934951	22
934952	4
934952	4
934954	22
934955	22
934956	20
934958	22
934960	22
934973	4
934974	22
934975	8
934976	23
934977	18
934978	18
934979	8
934980	22
934981	4
934981	4
934984	4
934984	4
934985	5
934986	22
934989	5
934991	22
934992	5
934993	5
935000	16
935001	24
935002	22
935003	22
935004	25
935005	22
935006	23
935007	22
935008	22
935009	25
935015	28
935017	22
935018	22
935020	28
935021	24
935032	22
935033	22
935035	21
935036	1
935037	27
935038	1
935039	11
935040	4
935042	10
935049	22
935051	22
935053	15
935054	22
935057	22
935058	1
935061	7
935062	0
935063	19
935065	22
935066	5
935067	22
935070	24
935071	11
935072	20
935073	5
935075	9
935077	25
935080	22
935081	1
935083	2
935086	5
935087	15
935089	22
935093	8
935095	28
935096	21
935099	26
935102	11
935103	4
935107	11
935109	24
935110	22
935113	22
935115	26
935116	4
935118	22
935119	22
935120	8
935121	2
935122	25
935124	22
935125	8
935126	8
935127	3
935129	26
935130	21
935131	8
935132	22
935133	8
935135	24
935136	22
935137	21
935138	22
935139	26
935140	5
935141	24
935142	25
935143	22
935144	24
935150	22
935151	24
935152	22
935155	16
935155	16
935156	9
935157	22
935158	22
935161	4
935164	22
935166	1
935167	11
935168	9
935169	28
935170	0
935171	22
935172	28
935173	28
935175	17
935176	11
935178	8
935180	8
935182	0
935185	19
935186	13
935186	13
935187	0
935190	13
935191	28
935194	5
935195	0
935199	25
935200	3
935204	24
935207	24
935208	22
935209	24
935213	25
935214	5
935215	5
935216	11
935217	22
935218	22
935219	13
935221	16
935221	16
935222	22
935223	22
935224	5
935226	18
935229	21
935230	28
935232	16
935233	22
935234	4
935234	4
935235	22
935236	13
935237	28
935242	22
935243	23
935245	25
935247	24
935248	27
935249	21
935252	2
935253	22
935254	1
935257	2
935259	22
935260	22
935267	22
935268	23
935269	0
935270	1
935271	22
935272	26
935273	28
935274	8
935275	8
935282	22
935283	16
935284	22
935286	13
935287	25
935289	22
935291	22
935292	9
935294	22
935296	22
935297	19
935298	7
935298	7
935299	22
935300	22
935302	26
935303	13
935305	4
935306	13
935307	27
935310	27
935312	10
935313	22
935314	10
935315	22
935316	21
935317	23
935319	4
935320	5
935321	28
935323	5
935324	23
935324	23
935325	18
935326	22
935327	13
935329	0
935330	24
935333	22
935335	4
935336	18
935337	21
935338	16
935340	22
935341	15
935343	23
935344	4
935345	5
935347	6
935349	22
935350	13
935351	22
935352	13
935355	27
935357	22
935357	22
935358	13
935362	22
935364	19
935365	22
935366	22
935367	25
935368	22
935369	13
935370	28
935371	22
935372	21
935373	4
935373	4
935375	2
935377	22
935378	22
935379	5
935380	18
935381	22
935382	22
935383	4
935384	27
935385	22
935386	22
935388	22
935391	23
935392	22
935394	20
935395	22
935403	8
935407	22
935408	22
935411	22
935412	22
935413	27
935414	22
935415	28
935416	28
935417	28
935418	22
935419	22
935423	24
935423	24
935426	22
935427	22
935431	22
935432	3
935433	0
935434	24
935435	22
935436	24
935437	22
935438	24
935439	15
935441	10
935442	22
935443	28
935444	22
935445	22
935446	23
935451	27
935452	10
935455	15
935457	5
935459	22
935460	22
935461	22
935462	24
935463	25
935464	28
935465	8
935466	27
935468	0
935469	19
935470	22
935471	8
935480	0
935481	24
935483	4
935483	4
935484	2
935485	23
935486	22
935487	22
935488	23
935489	22
935490	6
935491	20
935491	20
935494	25
935495	24
935496	24
935497	4
935497	4
935499	24
935504	22
935506	22
935507	19
935509	24
935512	17
935513	23
935514	13
935515	13
935517	26
935521	24
935523	22
935525	11
935526	24
935527	23
935531	24
935533	20
935538	22
935540	5
935541	2
935543	4
935544	27
935545	28
935546	24
935546	24
935547	24
935548	25
935549	27
935550	18
935551	18
935552	22
935553	22
935554	3
935557	23
935557	23
935558	27
935559	10
935560	0
935561	20
935562	27
935564	15
935565	27
935567	22
935568	8
935569	28
935570	5
935571	27
935572	28
935573	23
935574	23
935577	22
935579	15
935584	15
935585	2
935586	21
935588	22
935590	22
935591	15
935592	24
935594	8
935596	19
935597	22
935598	24
935599	10
935600	8
935602	22
935603	26
935604	7
935605	23
935606	10
935607	13
935608	23
935609	5
935611	22
935612	26
935613	3
935614	23
935616	22
935617	22
935618	18
935619	15
935620	4
935621	22
935622	22
935624	28
935625	22
935627	8
935628	27
935629	15
935630	18
935631	24
935634	24
935637	22
935638	5
935641	22
935642	22
935644	22
935645	5
935647	24
935649	15
935652	0
935653	24
935654	22
935657	4
935658	23
935659	22
935660	22
935661	21
935662	22
