427166	4
427256	4
427533	4
427594	4
427595	4
427632	1
427648	4
427807	6
427860	5
427945	3
428598	1
428209	5
428226	5
428648	4
428623	6
428638	3
428664	4
429500	4
429487	4
431528	4
431597	4
431618	4
431466	1
431491	4
429934	6
429934	6
429923	4
431548	4
432660	4
432658	4
432669	4
432961	3
433179	4
433200	4
433299	4
433309	1
433362	4
433401	4
433405	3
433429	2
433460	4
433469	2
433472	4
433505	3
433517	4
433551	4
433562	1
433598	4
433683	4
433690	4
433740	2
433984	3
434038	1
434635	4
434669	4
435076	4
435155	6
435161	4
435251	1
435259	4
435260	4
435265	4
435267	4
435268	4
435270	4
435272	4
435283	4
435297	2
435299	7
435301	4
435308	1
435329	4
435419	4
435498	4
435514	4
435597	1
435756	2
435831	5
435934	4
435935	4
435936	4
435939	4
435945	2
435946	4
435952	4
435954	4
435956	4
435971	4
435972	4
435973	4
435977	4
435981	4
435995	4
435998	4
436000	4
436001	4
436010	4
436030	4
436124	4
436469	3
436503	4
436505	4
436518	4
436913	3
436994	1
437111	2
437120	1
437171	4
437341	9
437400	1
437424	3
437582	3
437619	4
438255	4
438255	2
438277	6
438278	6
438290	4
438321	3
438323	2
438351	4
438519	4
438671	4
438708	4
438209	1
438054	4
437805	1
439204	6
440224	4
441081	4
441314	6
442312	4
442317	4
442321	4
442386	4
442400	4
442463	4
442484	2
442501	4
442504	3
442875	4
442881	4
443089	4
443097	4
444891	4
445336	4
444886	1
444572	2
444191	4
446133	4
446009	4
445741	4
445043	4
444930	4
444786	2
444569	5
446563	2
444426	6
444308	4
444200	2
446659	4
441981	4
443683	4
443253	2
447043	6
448030	4
448030	4
449709	4
449344	4
449079	4
448969	4
448771	4
448261	2
448162	4
448150	4
448120	6
448092	4
927980	4
927981	1
927982	7
927984	4
927986	10
927991	5
927993	4
927994	2
927996	5
927997	0
927998	4
927999	4
928001	2
928002	5
928012	7
928014	10
928017	2
928018	5
928019	3
928020	4
928021	6
928022	9
928023	5
928025	4
928026	6
928027	1
928029	9
928030	4
928031	1
928032	9
928033	4
928034	9
928035	2
928036	4
928038	1
928039	2
928040	9
928041	9
928042	9
928042	9
928044	1
928046	3
928050	8
928052	6
928053	6
928054	7
928055	2
928056	10
928057	2
928058	4
928060	2
928061	2
928063	7
928065	2
928066	1
928067	4
928068	7
928069	4
928070	4
928072	9
928074	4
928075	1
928076	4
928077	6
928079	4
928080	4
928088	3
928093	0
928095	4
928096	7
928097	1
928098	8
928099	1
928100	1
928101	4
928102	1
928103	1
928104	1
928105	7
928106	1
928107	7
928108	1
928109	1
928111	2
928112	5
928113	5
928114	5
928115	1
928117	2
928118	2
928120	2
928123	4
928124	4
928125	2
928128	10
928129	4
928130	3
928131	2
928133	2
928135	4
928137	6
928139	8
928140	4
928141	7
928142	6
928143	8
928144	6
928145	6
928146	8
928147	8
928149	6
928150	7
928151	2
928152	8
928153	2
928154	2
928155	7
928156	10
928157	7
928158	10
928159	10
928161	5
928162	8
928163	1
928165	4
928167	1
928168	1
928170	4
928172	6
928173	4
928174	3
928175	4
928175	4
928176	3
928177	10
928178	1
928179	3
928180	6
928181	1
928182	2
928185	2
928188	2
928189	3
928190	9
928193	4
928196	6
928197	1
928198	4
928200	1
928202	1
928203	8
928205	1
928207	0
928209	1
928212	1
928213	8
928215	2
928216	7
928220	1
928221	1
928222	2
928227	2
928228	7
928230	2
928231	1
928232	4
928233	4
928234	2
928235	1
928236	0
928237	4
928238	0
928239	0
928240	8
928242	1
928246	2
928247	2
928248	7
928249	6
928250	8
928251	1
928252	4
928253	4
928254	4
928255	1
928257	1
928262	4
928263	4
928264	1
928265	6
928266	4
928268	4
928269	2
928270	1
928275	5
928276	2
928277	8
928279	2
928282	5
928283	4
928285	2
928286	4
928287	10
928288	4
928292	9
928293	6
928294	4
928295	4
928298	4
928299	4
928301	4
928303	4
928304	4
928305	6
928306	5
928307	6
928308	2
928309	4
928310	10
928312	4
928313	0
928315	10
928316	2
928317	10
928318	2
928320	8
928321	7
928322	6
928323	3
928324	7
928327	4
928329	8
928330	2
928332	4
928333	3
928334	4
928335	8
928336	0
928337	2
928339	5
928340	5
928341	4
928342	4
928344	6
928345	0
928348	3
928349	2
928350	3
928351	3
928352	6
928353	2
928355	4
928356	1
928357	9
928358	9
928358	3
928359	2
928360	1
928361	1
928362	7
928363	9
928364	4
928365	9
928366	2
928367	2
928368	4
928369	2
928370	4
928371	4
928372	4
928373	0
928374	10
928375	2
928376	8
928377	1
928380	4
928381	6
928382	4
928383	4
928385	2
928386	4
928387	4
928388	1
928390	8
928391	4
928392	8
928393	2
928394	4
928395	4
928396	4
928398	5
928399	4
928400	1
928401	4
928402	4
928404	6
928409	4
928410	4
928411	4
928412	2
928414	4
928415	2
928418	2
928419	7
928421	1
928422	6
928424	0
928431	10
928432	2
928434	10
928434	10
928437	4
928439	2
928440	5
928441	10
928442	4
928443	4
928445	3
928446	4
928447	10
928448	8
928449	4
928450	4
928451	5
928452	8
928453	4
928454	1
928455	2
928456	5
928457	4
928458	6
928460	2
928461	7
928463	2
928467	4
928468	2
928471	10
928472	8
928474	2
928475	6
928476	7
928477	8
928479	7
928486	2
928487	4
928488	6
928489	0
928490	4
928491	4
928492	10
928493	5
928494	4
928495	0
928498	8
928499	8
928501	7
928503	4
928504	9
928505	1
928506	3
928507	1
928508	5
928509	1
928510	7
928515	9
928517	4
928518	2
928519	4
928520	4
928521	4
928522	7
928523	2
928524	0
928525	2
928526	5
928527	7
928528	0
928530	4
928533	8
928537	2
928539	10
928540	8
928541	5
928542	2
928543	3
928545	0
928547	10
928548	7
928549	4
928550	3
928553	4
928554	9
928555	4
928557	0
928558	0
928559	0
928560	1
928563	5
928564	1
928565	3
928566	4
928566	4
928567	8
928571	10
928571	10
928573	10
928575	4
928576	2
928577	8
928578	8
928579	8
928580	6
928581	2
928582	5
928583	4
928584	4
928585	5
928586	2
928587	7
928588	1
928590	7
928591	3
928591	3
928592	9
928593	3
928596	0
928597	8
928599	1
928600	8
928603	3
928604	3
928606	3
928608	4
928610	4
928612	4
928615	4
928616	2
928617	4
928618	2
928620	5
928621	4
928624	0
928625	7
928626	5
928627	4
928628	9
928628	9
928630	4
928632	4
928633	5
928634	1
928635	5
928638	3
928642	8
928643	8
928648	8
928649	8
928650	8
928651	8
928656	3
928657	8
928658	2
928659	6
928660	0
928661	0
928662	9
928663	9
928664	4
928665	2
928667	4
928668	4
928669	8
928670	6
928672	9
928673	9
928674	7
928675	2
928678	6
928680	9
928681	10
928682	2
928685	2
928686	6
928687	2
928689	1
928690	2
928691	1
928692	9
928696	2
928698	4
928699	7
928700	8
928701	8
928704	4
928705	1
928706	5
928710	10
928711	1
928712	1
928714	4
928717	4
928719	10
928721	2
928722	4
928723	4
928724	4
928725	2
928726	2
928727	2
928729	5
928730	0
928731	5
928732	1
928733	9
928735	0
928737	0
928738	8
928740	9
928741	2
928742	4
928743	1
928744	1
928745	2
928746	7
928747	9
928749	5
928750	8
928751	2
928752	2
928755	2
928756	4
928757	0
928758	0
928759	7
928760	4
928761	0
928762	2
928767	3
928768	4
928770	4
928771	1
928772	4
928773	3
928774	2
928775	4
928776	7
928778	0
928779	2
928780	8
928781	4
928782	4
928784	2
928785	5
928791	1
928792	0
928793	2
928794	2
928795	4
928797	3
928798	2
928799	8
928800	8
928801	2
928803	2
928804	0
928806	1
928807	2
928808	5
928810	3
928811	0
928812	2
928814	4
928816	10
928818	1
928819	2
928820	2
928821	2
928823	3
928825	3
928827	4
928828	0
928830	4
928832	4
928833	7
928834	4
928836	10
928837	3
928840	1
928842	4
928845	2
928853	2
928854	4
928855	2
928856	0
928857	2
928859	8
928860	2
928864	0
928865	8
928867	1
928870	9
928872	2
928880	3
928881	10
928883	2
928884	7
928885	10
928887	2
928888	0
928889	2
928890	9
928891	2
928892	4
928893	1
928895	5
928898	1
928899	4
928901	4
928902	3
928903	6
928907	4
928908	2
928909	5
928910	2
928911	10
928912	2
928914	0
928921	9
928922	8
928923	2
928924	4
928925	4
928926	4
928926	4
928927	7
928929	4
928931	4
928932	4
928934	2
928935	8
928936	5
928937	8
928939	9
928940	2
928942	8
928943	2
928944	2
928946	2
928947	8
928948	4
928950	2
928951	8
928952	3
928953	4
928954	4
928956	2
928958	3
928962	4
928963	6
928968	3
928969	3
928970	6
928971	2
928972	4
928973	6
928974	4
928976	2
928977	4
928978	6
928981	5
928982	4
928987	2
928988	5
928989	2
928990	4
928991	2
928999	4
928999	4
929001	2
929002	0
929004	2
929010	9
929013	3
929014	2
929015	2
929016	2
929017	1
929018	2
929019	2
929021	4
929023	0
929025	9
929030	4
929032	2
929033	0
929036	5
929041	4
929043	2
929044	3
929046	5
929049	6
929050	4
929052	9
929053	8
929054	9
929056	4
929057	4
929059	2
929060	4
929065	1
929066	5
929067	2
929068	1
929069	9
929071	4
929073	2
929080	2
929083	6
929087	4
929088	4
929092	2
929093	0
929094	2
929095	2
929096	2
929097	1
929098	2
929099	4
929102	2
929105	4
929106	4
929107	8
929108	8
929109	8
929112	4
929113	0
929114	4
929115	7
929116	4
929117	2
929126	2
929129	8
929130	1
929131	9
929134	1
929134	3
929135	9
929138	4
929139	1
929140	4
929143	2
929144	9
929145	4
929146	7
929152	4
929153	4
929154	5
929160	4
929162	2
929163	0
929164	3
929165	7
929166	2
929167	8
929168	7
929169	5
929172	8
929176	2
929177	4
929178	2
929179	9
929185	4
929185	4
929189	8
929190	0
929191	4
929192	2
929194	1
929195	4
929196	2
929198	3
929199	4
929200	2
929207	2
929208	1
929211	4
929212	2
929214	4
929215	2
929224	4
929225	2
929228	2
929229	2
929230	0
929232	4
929238	1
929245	6
929247	7
929255	7
929256	2
929257	0
929262	4
929265	6
929266	4
929269	2
929271	10
929272	7
929277	10
929278	10
929280	10
929282	0
929283	4
929284	7
929285	2
929287	5
929291	8
929293	8
929294	4
929295	7
929296	0
929297	4
929298	5
929301	2
929302	7
929303	2
929307	0
929309	2
929310	8
929311	5
929312	0
929313	2
929314	8
929315	4
929317	4
929319	5
929325	5
929326	6
929331	2
929333	3
929334	2
929335	4
929337	1
929338	3
929339	5
929340	2
929341	10
929342	9
929344	9
929345	9
929351	4
929353	5
929354	2
929355	0
929356	1
929364	2
929369	2
929370	8
929371	8
929374	2
929378	7
929381	2
929382	4
929383	5
929385	5
929387	5
929392	7
929393	2
929399	6
929404	4
929406	4
929407	0
929409	4
929412	5
929414	1
929415	0
929417	1
929418	8
929420	5
929422	7
929424	3
929426	3
929427	2
929428	9
929433	2
929434	8
929435	0
929436	2
929437	4
929438	1
929439	2
929443	4
929444	7
929445	7
929446	4
929450	6
929452	10
929454	10
929456	1
929458	1
929459	4
929460	1
929461	10
929462	1
929463	4
929464	1
929466	3
929470	4
929476	7
929477	4
929479	7
929483	2
929484	4
929485	2
929486	6
929487	3
929488	2
929489	4
929491	4
929492	4
929493	6
929494	1
929495	1
929496	9
929502	6
929504	6
929505	1
929507	4
929508	1
929509	5
929510	5
929511	1
929512	7
929513	9
929516	1
929517	6
929518	1
929519	8
929520	6
929529	4
929530	2
929531	5
929534	2
929535	2
929536	5
929542	4
929545	6
929545	6
929547	3
929548	6
929550	0
929551	7
929552	4
929553	4
929554	0
929555	4
929556	4
929557	1
929559	4
929560	4
929562	4
929564	9
929566	1
929572	4
929574	0
929575	9
929578	6
929579	8
929582	4
929583	10
929584	9
929585	4
929586	10
929587	0
929588	0
929589	7
929590	5
929591	7
929592	6
929593	2
929594	9
929597	10
929603	4
929605	4
929606	4
929607	0
929608	2
929609	1
929610	7
929613	1
929614	3
929617	3
929618	1
929619	6
929621	3
929623	0
929628	8
929629	4
929631	2
929632	2
929633	9
929634	0
929635	7
929636	2
929640	8
929643	4
929644	7
929645	7
929646	7
929647	0
929648	4
929649	10
929650	4
929651	4
929652	6
929654	0
929655	2
929657	2
929658	0
929659	8
929660	0
929661	6
929662	8
929663	8
929664	8
929665	6
929666	4
929667	8
929673	0
929674	0
929676	2
929677	3
929678	1
929680	2
929681	2
929683	4
929686	10
929689	2
929691	4
929692	2
929693	5
929694	4
929695	4
929697	0
929698	10
929699	6
929700	0
929703	2
929704	6
929705	6
929712	3
929713	2
929714	4
929716	2
929717	10
929718	1
929719	4
929719	4
929720	0
929721	2
929722	4
929723	6
929724	7
929725	10
929726	8
929727	0
929728	4
929729	4
929731	0
929734	0
929735	2
929736	6
929737	2
929741	6
929742	4
929743	4
929744	4
929745	4
929746	8
929747	0
929748	4
929749	8
929750	8
929751	10
929752	5
929753	5
929755	5
929758	9
929759	9
929760	5
929761	7
929763	6
929764	7
929765	7
929766	7
929767	2
929768	10
929772	8
929775	4
929777	4
929778	6
929782	10
929782	10
929785	6
929787	0
929791	0
929792	2
929793	10
929794	0
929795	4
929796	0
929798	5
929799	4
929801	8
929804	8
929806	6
929808	5
929809	8
929811	4
929812	8
929813	8
929820	10
929821	8
929822	5
929823	5
929824	5
929825	2
929826	6
929829	8
929831	8
929834	8
929835	6
929836	2
929837	2
929839	8
929840	2
929841	3
929842	5
929843	5
929844	3
929845	8
929846	8
929848	2
929849	2
929851	4
929857	4
929858	10
929859	10
929860	7
929861	10
929862	8
929863	8
929866	6
929867	4
929868	3
929869	4
929870	4
929871	4
929872	4
929873	10
929874	4
929876	10
929878	10
929880	0
929881	8
929882	1
929883	9
929884	4
929885	9
929886	2
929887	2
929890	3
929890	3
929891	9
929893	3
929893	3
929894	8
929895	5
929897	2
929899	6
929900	4
929901	5
929902	7
929906	4
929907	4
929908	4
929909	4
929911	5
929913	4
929915	2
929916	8
929917	4
929918	6
929919	4
929920	8
929921	0
929922	8
929923	3
929924	5
929925	8
929926	7
929927	8
929928	2
929932	0
929933	7
929934	0
929935	3
929936	1
929937	2
929938	2
929939	6
929942	3
929944	1
929945	8
929946	8
929947	7
929948	8
929949	2
929950	6
929952	4
929953	4
929954	5
929959	8
929960	8
929961	7
929962	8
929963	2
929970	8
929972	8
929973	1
929974	0
929976	4
929977	9
929978	1
929979	4
929980	4
929980	4
929989	8
929990	0
929991	2
929992	8
929993	7
929994	8
929995	8
929996	2
929997	2
929998	8
929999	6
930000	2
930001	1
930002	4
930003	8
930004	8
930005	4
930006	2
930009	8
930010	7
930011	8
930012	0
930013	0
930017	2
930018	1
930019	2
930021	8
930022	8
930023	0
930025	2
930027	8
930030	0
930031	8
930032	8
930033	8
930034	8
930038	10
930040	3
930041	2
930042	3
930043	10
930044	4
930045	10
930046	7
930047	3
930050	0
930053	6
930054	0
930056	0
930057	4
930058	1
930061	0
930063	9
930064	5
930065	8
930067	7
930069	3
930072	3
930074	3
930075	7
930076	5
930078	8
930081	8
930083	6
930084	6
930085	4
930086	2
930088	8
930089	4
930090	0
930091	2
930092	4
930093	7
930094	7
930095	2
930096	2
930097	1
930099	8
930101	5
930102	5
930103	4
930108	10
930109	8
930110	10
930110	10
930111	1
930113	0
930114	4
930116	4
930116	4
930117	4
930118	7
930119	8
930120	2
930121	8
930123	2
930124	8
930125	6
930126	7
930127	6
930128	5
930129	2
930130	4
930135	2
930136	2
930142	6
930145	4
930146	4
930147	4
930148	7
930149	8
930150	2
930151	2
930153	3
930153	3
930154	8
930157	8
930158	8
930159	4
930160	2
930161	4
930162	8
930163	8
930164	0
930165	2
930166	8
930167	0
930168	1
930170	1
930172	1
930174	9
930175	8
930176	1
930181	7
930182	4
930183	4
930184	3
930185	2
930203	10
930204	10
930205	8
930206	4
930207	2
930208	4
930209	5
930210	2
930212	2
930213	2
930214	5
930217	4
930218	8
930223	4
930224	10
930224	10
930226	2
930228	8
930229	2
930230	0
930232	5
930233	7
930235	5
930236	4
930237	4
930239	5
930240	4
930241	3
930242	1
930243	4
930244	2
930252	2
930254	8
930255	2
930258	6
930259	10
930260	2
930261	2
930263	2
930264	10
930266	10
930268	4
930269	2
930271	3
930272	3
930274	2
930275	7
930276	8
930277	8
930279	7
930280	6
930281	7
930282	6
930283	7
930284	2
930285	2
930288	7
930289	1
930290	2
930291	1
930292	1
930293	1
930294	2
930297	0
930300	7
930301	8
930305	4
930306	4
930307	4
930308	4
930309	1
930310	4
930311	7
930312	3
930327	4
930329	8
930330	7
930331	4
930332	1
930333	2
930334	5
930335	4
930336	9
930340	0
930341	0
930342	4
930343	8
930344	0
930345	6
930346	5
930347	4
930348	5
930349	5
930350	4
930360	4
930361	8
930362	8
930363	2
930365	4
930366	2
930367	9
930368	1
930374	8
930375	4
930376	10
930377	2
930378	4
930379	2
930380	4
930386	4
930387	10
930390	8
930391	7
930392	6
930393	10
930394	8
930395	8
930396	2
930397	2
930398	5
930399	8
930400	2
930402	4
930403	4
930404	4
930405	0
930406	4
930407	0
930409	4
930411	9
930411	9
930412	9
930413	9
930416	2
930417	2
930418	3
930421	2
930425	9
930426	4
930428	4
930429	4
930430	2
930431	8
930432	1
930433	4
930435	10
930436	6
930438	8
930441	4
930442	4
930443	4
930444	2
930445	0
930446	8
930448	8
930450	7
930451	2
930452	5
930454	5
930455	5
930458	4
930461	4
930461	4
930462	2
930463	0
930464	7
930467	2
930468	2
930469	2
930470	4
930471	2
930473	9
930477	3
930478	8
930479	6
930480	8
930481	4
930483	2
930484	4
930485	5
930486	2
930487	8
930488	2
930489	9
930490	2
930491	7
930492	1
930493	4
930494	4
930495	4
930496	2
930498	4
930499	5
930502	10
930503	2
930504	1
930505	4
930506	1
930507	5
930508	10
930509	5
930510	2
930511	0
930513	1
930514	4
930516	5
930519	6
930520	5
930528	4
930529	6
930530	1
930531	4
930532	7
930535	3
930536	10
930539	4
930541	4
930542	4
930544	2
930545	2
930547	6
930548	2
930551	8
930552	1
930553	8
930554	4
930555	2
930557	8
930560	0
930561	1
930562	1
930563	4
930564	4
930566	9
930567	1
930568	4
930569	2
930570	1
930571	1
930574	10
930577	4
930578	2
930579	4
930580	2
930581	2
930582	2
930583	10
930584	2
930585	3
930586	5
930587	6
930588	4
930590	5
930591	1
930592	5
930593	4
930594	5
930595	5
930600	4
930601	0
930602	2
930603	7
930604	8
930606	1
930607	4
930608	8
930609	8
930610	6
930611	4
930612	8
930613	2
930615	4
930616	2
930617	8
930618	4
930619	9
930620	2
930622	2
930624	2
930625	2
930626	0
930627	2
930629	5
930631	3
930632	7
930633	8
930634	4
930636	10
930639	1
930640	7
930644	4
930645	7
930647	4
930648	4
930649	4
930650	3
930651	5
930652	4
930654	3
930655	3
930657	4
930660	4
930663	5
930669	5
930672	8
930673	2
930681	2
930685	2
930689	2
930693	2
930694	8
930698	3
930699	6
930700	3
930701	2
930702	2
930703	3
930704	9
930705	4
930706	3
930707	7
930709	2
930710	7
930717	7
930718	7
930719	1
930720	5
930721	3
930722	4
930730	3
930731	3
930732	3
930733	3
930734	2
930735	8
930736	10
930736	10
930746	8
930747	4
930748	8
930749	8
930750	9
930751	8
930752	0
930753	2
930757	10
930759	3
930760	4
930762	2
930763	4
930764	4
930765	4
930766	4
930767	5
930770	9
930771	2
930772	4
930774	5
930775	2
930777	4
930778	9
930779	2
930780	4
930781	4
930783	8
930785	8
930786	5
930787	4
930788	4
930789	5
930792	4
930793	6
930795	6
930796	4
930797	5
930798	4
930799	7
930800	7
930801	8
930802	4
930803	5
930804	2
930805	5
930806	2
930807	2
930808	5
930809	0
930810	9
930811	5
930812	4
930813	2
930815	9
930816	8
930817	4
930818	2
930819	4
930820	9
930821	4
930822	7
930824	8
930825	7
930826	8
930827	5
930828	8
930829	4
930830	10
930831	5
930833	4
930834	1
930835	9
930838	5
930839	5
930841	4
930844	4
930845	0
930846	9
930847	2
930848	5
930850	4
930851	4
930852	4
930856	2
930860	2
930861	8
930863	0
930864	8
930865	2
930866	8
930867	8
930868	2
930869	8
930871	5
930872	5
930874	5
930875	4
930876	4
930877	8
930878	8
930879	9
930880	2
930881	0
930882	7
930883	7
930885	7
930886	7
930887	3
930889	7
930890	3
930891	2
930892	4
930893	2
930894	4
930895	8
930896	2
930897	2
930899	6
930904	1
930906	0
930907	8
930909	7
930910	6
930911	4
930912	0
930914	0
930915	7
930917	4
930918	7
930919	7
930920	7
930924	4
930926	8
930927	2
930928	2
930929	1
930930	8
930931	2
930932	0
930934	0
930935	7
930937	0
930938	2
930940	2
930941	6
930942	9
930944	2
930945	7
930947	4
930949	2
930951	10
930951	10
930952	5
930953	2
930955	6
930957	2
930959	8
930960	7
930962	8
930964	4
930965	4
930967	6
930968	4
930969	1
930971	4
930973	4
930974	4
930975	4
930976	4
930981	2
930982	4
930983	2
930984	4
930985	4
930987	4
930988	3
930989	5
930992	2
930993	3
930994	0
930995	0
930996	4
930997	4
930998	6
930999	7
931000	9
931000	9
931001	2
931004	8
931005	8
931006	3
931008	3
931010	7
931011	3
931012	3
931013	7
931014	5
931015	3
931016	7
931017	3
931019	0
931020	10
931020	10
931021	4
931023	0
931024	9
931025	8
931026	1
931027	1
931028	8
931029	1
931032	0
931033	3
931034	4
931035	4
931036	8
931038	6
931045	4
931047	2
931050	2
931051	3
931053	4
931056	1
931057	8
931058	0
931059	4
931061	2
931062	5
931064	8
931065	5
931066	8
931067	4
931068	7
931069	4
931070	8
931071	4
931072	5
931073	2
931077	10
931077	10
931078	10
931079	4
931080	4
931085	4
931086	4
931089	4
931090	4
931096	7
931098	7
931099	7
931101	7
931102	5
931105	9
931106	7
931107	4
931108	6
931111	1
931113	3
931114	4
931115	4
931116	4
931117	3
931118	3
931119	7
931120	4
931121	6
931122	8
931124	2
931125	6
931126	5
931128	3
931129	1
931130	2
931131	3
931132	4
931134	0
931136	3
931137	0
931138	4
931139	4
931140	4
931141	9
931142	9
931143	9
931144	9
931145	9
931146	9
931147	4
931149	9
931149	9
931150	4
931151	8
931152	8
931153	3
931155	7
931157	8
931159	10
931161	4
931162	8
931164	5
931165	4
931166	4
931168	2
931169	2
931170	4
931171	5
931172	4
931173	4
931175	4
931176	2
931177	4
931179	4
931180	9
931181	2
931185	7
931186	4
931187	0
931188	10
931188	10
931189	4
931190	0
931191	4
931192	8
931193	8
931194	7
931195	2
931196	7
931197	4
931198	5
931205	4
931206	4
931208	4
931209	4
931210	4
931211	4
931212	2
931213	2
931214	0
931215	4
931216	2
931217	8
931218	2
931219	8
931220	4
931221	6
931222	2
931223	6
931224	5
931226	4
931227	8
931228	2
931230	4
931231	4
931232	3
931233	4
931234	4
931235	1
931237	8
931238	2
931239	4
931240	2
931241	9
931242	8
931244	4
931245	3
931246	3
931248	4
931249	6
931251	6
931252	4
931252	4
931253	8
931258	8
931260	0
931261	7
931262	0
931263	8
931264	2
931268	4
931269	8
931270	2
931274	10
931275	2
931277	2
931284	0
931290	0
931292	7
931293	0
931295	0
931297	0
931298	0
931299	4
931300	0
931301	1
931302	1
931304	7
931305	8
931306	4
931308	0
931310	3
931311	10
931312	4
931313	8
931314	10
931315	4
931317	4
931318	4
931319	10
931319	10
931320	4
931320	4
931324	4
931327	9
931327	9
931328	4
931329	4
931330	2
931334	4
931335	6
931338	10
931339	7
931340	10
931340	10
931341	7
931342	1
931343	4
931346	10
931347	1
931348	8
931349	1
931351	4
931354	0
931356	4
931359	4
931360	3
931361	1
931363	9
931364	4
931365	4
931371	2
931372	4
931376	4
931378	6
931382	6
931383	4
931384	2
931385	2
931386	7
931388	2
931389	4
931390	4
931391	2
931392	7
931393	4
931394	7
931395	6
931397	1
931398	5
931399	4
931400	9
931401	8
931402	5
931403	7
931404	3
931404	3
931405	4
931406	2
931408	0
931409	4
931410	4
931411	2
931412	4
931413	9
931414	3
931414	3
931415	4
931416	10
931417	10
931418	6
931419	0
931420	2
931421	4
931422	2
931424	10
931424	10
931425	4
931426	2
931427	2
931428	2
931429	7
931430	2
931431	4
931432	4
931433	5
931434	2
931435	3
931436	4
931437	3
931439	4
931440	4
931441	8
931445	7
931446	4
931447	4
931447	4
931448	8
931449	5
931450	8
931451	4
931452	4
931453	0
931454	5
931456	2
931457	1
931458	2
931459	2
931460	4
931463	3
931464	3
931465	3
931466	7
931467	5
931468	5
931469	2
931470	1
931471	5
931472	5
931473	5
931474	2
931475	4
931476	6
931477	4
931478	7
931479	7
931492	3
931493	3
931494	3
931497	3
931498	2
931499	0
931501	3
931503	4
931504	7
931505	4
931506	0
931507	1
931508	4
931509	2
931510	9
931511	1
931513	4
931514	9
931515	9
931516	4
931517	1
931518	1
931519	0
931520	1
931522	2
931523	0
931524	4
931525	0
931527	8
931530	6
931531	8
931533	4
931535	4
931536	6
931537	10
931538	10
931539	10
931540	6
931541	4
931542	2
931543	6
931545	4
931546	2
931547	1
931549	10
931549	10
931552	9
931553	4
931555	1
931556	7
931557	5
931561	1
931562	1
931564	4
931566	4
931567	3
931568	3
931569	6
931570	10
931572	3
931573	4
931574	2
931575	2
931576	4
931576	4
931577	1
931578	4
931579	3
931580	1
931581	4
931582	2
931583	5
931584	2
931585	5
931586	4
931587	6
931588	8
931589	3
931590	2
931592	4
931593	2
931594	9
931595	2
931596	8
931597	2
931598	4
931600	2
931601	9
931604	7
931605	9
931606	0
931607	8
931608	4
931608	4
931609	10
931609	10
931610	1
931611	4
931612	7
931613	3
931614	7
931616	4
931617	10
931618	4
931619	4
931620	4
931622	2
931623	5
931624	2
931625	4
931626	2
931627	5
931628	9
931629	8
931631	2
931633	7
931634	8
931635	2
931636	8
931637	8
931638	2
931639	8
931640	9
931642	5
931646	2
931648	4
931649	5
931650	8
931651	10
931652	4
931654	2
931655	0
931656	8
931657	2
931658	8
931661	3
931663	8
931664	4
931665	1
931668	8
931669	8
931670	4
931671	4
931672	8
931673	4
931677	8
931679	10
931680	4
931682	4
931683	4
931685	10
931687	0
931688	2
931693	4
931694	2
931695	0
931696	2
931697	2
931698	2
931699	10
931699	10
931700	7
931701	10
931703	0
931706	4
931707	4
931708	4
931710	9
931711	4
931712	4
931713	7
931715	6
931717	3
931718	4
931719	2
931720	3
931721	10
931721	10
931722	6
931723	2
931726	4
931729	1
931730	2
931731	4
931736	1
931737	8
931738	3
931739	4
931740	3
931741	2
931742	7
931743	3
931744	4
931746	4
931747	6
931748	9
931749	3
931751	5
931752	1
931754	7
931756	2
931757	10
931759	3
931759	4
931760	8
931761	4
931762	5
931764	4
931766	4
931767	1
931769	4
931770	4
931772	6
931774	7
931775	4
931777	7
931781	5
931782	5
931783	4
931784	2
931785	5
931786	4
931787	2
931788	2
931789	4
931790	2
931791	2
931792	0
931793	4
931795	4
931797	4
931798	4
931799	4
931800	3
931801	4
931802	3
931803	4
931804	10
931804	10
931805	10
931805	4
931806	10
931808	4
931809	2
931810	4
931811	4
931813	4
931815	6
931816	1
931818	10
931818	10
931819	7
931820	8
931821	1
931822	8
931824	0
931827	1
931828	5
931830	0
931832	8
931833	8
931834	8
931835	9
931836	2
931837	9
931838	9
931839	4
931840	9
931842	8
931843	4
931844	2
931845	4
931845	4
931846	0
931847	2
931848	6
931849	4
931851	4
931852	4
931853	7
931854	9
931855	4
931857	4
931859	7
931860	2
931862	10
931863	4
931865	0
931866	4
931867	4
931868	4
931869	10
931870	1
931872	1
931873	4
931874	2
931876	7
931877	7
931880	4
931881	8
931882	10
931882	10
931883	2
931884	8
931885	5
931887	3
931889	3
931890	4
931891	3
931892	2
931893	4
931894	3
931895	2
931896	2
931897	2
931898	2
931899	4
931900	2
931901	1
931902	1
931903	1
931904	1
931905	10
931906	9
931907	3
931908	3
931909	4
931910	5
931911	4
931912	4
931913	3
931914	3
931915	6
931916	3
931920	10
931920	10
931922	3
931923	4
931924	7
931926	8
931928	2
931930	7
931930	7
931931	5
931932	9
931934	4
931935	9
931950	3
931951	10
931953	8
931957	1
931958	5
931959	6
931961	5
931962	5
931963	5
931965	8
931966	4
931968	2
931972	4
931973	4
931975	4
931976	4
931977	4
931978	0
931979	5
931980	2
931981	5
931982	7
931985	8
931986	6
931987	7
931988	4
931989	8
931990	2
931991	4
931993	2
931994	0
931995	3
931996	4
931997	1
931998	2
931999	4
932001	2
932002	10
932002	10
932003	2
932005	8
932006	7
932007	1
932008	0
932010	2
932011	0
932013	8
932014	5
932015	8
932016	8
932017	2
932018	10
932019	3
932021	3
932022	7
932023	4
932024	4
932025	1
932026	7
932027	1
932028	4
932029	1
932030	8
932031	4
932032	1
932033	2
932034	8
932037	2
932038	4
932039	4
932040	4
932043	10
932044	9
932045	4
932046	10
932046	10
932048	4
932049	4
932050	1
932051	4
932052	7
932053	2
932054	0
932055	2
932057	8
932058	9
932059	2
932061	2
932062	2
932063	5
932065	2
932066	4
932067	4
932068	2
932069	4
932070	0
932071	4
932074	4
932075	10
932076	3
932079	10
932080	4
932085	4
932086	1
932088	5
932089	5
932090	6
932092	2
932093	4
932094	9
932095	9
932097	4
932099	3
932099	3
932102	0
932103	4
932105	2
932107	4
932109	2
932111	8
932112	2
932113	2
932116	2
932117	4
932118	10
932118	10
932119	2
932120	2
932121	9
932123	9
932125	5
932127	10
932129	10
932129	10
932130	7
932131	4
932132	4
932133	9
932134	4
932135	9
932136	2
932137	4
932138	4
932139	2
932140	10
932143	7
932144	3
932145	4
932147	4
932148	4
932149	4
932150	10
932150	10
932151	7
932153	6
932155	1
932156	2
932157	3
932157	3
932158	2
932159	10
932159	10
932160	1
932161	8
932162	1
932163	4
932164	7
932165	5
932166	2
932167	5
932168	10
932168	10
932170	0
932171	5
932172	0
932174	0
932175	7
932177	4
932178	2
932179	10
932180	4
932181	2
932182	4
932184	8
932185	2
932186	4
932187	1
932188	4
932190	2
932191	6
932192	3
932193	8
932194	9
932195	3
932196	3
932197	9
932198	2
932203	4
932204	7
932205	6
932206	2
932207	5
932208	4
932209	4
932210	4
932211	10
932212	4
932213	4
932215	8
932216	4
932217	4
932222	4
932223	8
932224	6
932226	8
932227	3
932228	8
932229	5
932230	8
932233	2
932236	4
932237	2
932239	8
932240	4
932240	2
932241	4
932242	2
932244	8
932246	2
932247	2
932251	5
932252	2
932256	2
932257	7
932258	8
932259	0
932260	0
932261	9
932271	3
932272	3
932273	3
932277	9
932278	2
932279	10
932281	4
932281	2
932282	8
932283	8
932286	6
932287	3
932288	0
932289	10
932289	10
932290	4
932291	10
932292	1
932294	1
932296	10
932297	0
932298	8
932300	1
932304	0
932306	4
932307	10
932308	5
932309	5
932311	8
932312	2
932314	5
932315	4
932316	6
932316	6
932318	6
932320	4
932322	2
932323	7
932324	8
932325	2
932326	10
932326	10
932327	8
932328	2
932330	4
932332	4
932333	8
932334	7
932335	3
932336	1
932337	9
932338	1
932339	1
932340	5
932341	4
932342	2
932347	3
932348	4
932349	6
932350	0
932352	4
932357	0
932359	3
932360	7
932361	7
932362	4
932364	2
932366	2
932367	4
932369	9
932370	4
932371	2
932373	8
932374	2
932375	4
932376	4
932380	4
932380	4
932381	9
932383	5
932385	4
932386	4
932387	4
932388	2
932389	4
932390	4
932393	5
932394	7
932396	8
932397	4
932398	6
932399	4
932402	3
932404	3
932405	10
932405	10
932406	8
932408	8
932409	8
932410	2
932411	10
932412	10
932413	2
932415	4
932416	5
932417	4
932418	0
932419	10
932420	5
932421	4
932422	2
932424	9
932425	8
932427	4
932428	2
932429	0
932430	3
932431	8
932434	8
932440	10
932442	2
932443	5
932444	2
932445	9
932446	2
932447	8
932448	3
932449	3
932452	8
932453	10
932456	4
932458	9
932460	0
932461	2
932463	4
932464	8
932467	2
932468	4
932469	8
932471	4
932472	2
932473	5
932477	5
932480	2
932481	4
932482	2
932483	10
932484	4
932486	1
932487	5
932489	2
932490	2
932494	10
932495	2
932496	5
932497	2
932500	4
932501	5
932502	9
932504	8
932505	8
932506	4
932507	4
932508	10
932509	0
932510	10
932512	8
932513	8
932514	2
932515	2
932516	2
932517	0
932518	8
932519	9
932520	0
932522	9
932523	1
932529	2
932531	4
932532	2
932541	8
932542	7
932543	8
932544	4
932546	6
932548	6
932550	4
932554	4
932555	0
932556	4
932557	2
932558	2
932560	5
932561	10
932561	10
932566	9
932567	0
932568	0
932569	9
932571	0
932572	2
932573	2
932575	7
932576	4
932577	5
932578	2
932579	8
932580	9
932584	0
932585	7
932586	8
932587	1
932588	4
932589	4
932591	7
932593	8
932594	4
932596	2
932597	2
932598	2
932599	10
932602	8
932603	4
932604	8
932606	4
932608	4
932609	4
932612	4
932613	7
932614	4
932615	4
932616	7
932619	4
932620	2
932621	2
932623	4
932624	4
932625	2
932631	2
932632	4
932633	4
932633	4
932635	10
932635	10
932636	4
932637	1
932641	8
932642	0
932643	0
932644	1
932645	4
932646	0
932647	2
932649	4
932650	10
932651	3
932652	2
932653	2
932658	10
932660	2
932661	4
932663	8
932664	7
932676	4
932677	4
932678	10
932680	1
932683	5
932684	4
932685	1
932686	9
932690	6
932691	7
932692	2
932694	4
932695	8
932696	4
932697	2
932698	0
932700	4
932703	8
932705	2
932706	2
932708	4
932712	4
932713	9
932714	0
932717	7
932719	0
932721	5
932726	4
932727	3
932728	0
932730	7
932733	8
932734	0
932735	10
932737	8
932741	5
932743	0
932746	10
932752	9
932753	4
932753	4
932754	5
932755	8
932756	6
932757	8
932758	0
932759	5
932760	3
932762	4
932767	10
932768	10
932768	10
932769	2
932770	2
932771	8
932772	2
932774	0
932775	3
932776	5
932777	2
932780	0
932781	0
932785	5
932787	10
932787	10
932788	3
932789	5
932790	2
932791	9
932795	8
932796	4
932797	4
932798	2
932805	4
932806	2
932810	2
932818	4
932826	4
932833	9
932837	4
932839	2
932840	1
932843	6
932846	7
932850	7
932867	4
932870	1
932872	2
932874	10
932876	10
932877	10
932879	10
932880	2
932882	6
932889	4
932901	4
932904	4
932905	4
932909	8
932910	4
932912	4
932918	6
932919	2
932921	2
932923	8
932924	7
932925	1
932930	3
932931	10
932932	4
932945	10
932947	9
932948	4
932949	9
932950	3
932952	8
932953	2
932954	10
932955	2
932956	6
932957	4
932959	3
932960	2
932961	8
932962	2
932965	4
932966	10
932966	10
932969	0
932975	4
932976	7
932982	9
932985	9
932986	3
932986	2
932987	9
932988	2
932990	4
932992	8
932994	2
932995	9
932996	4
932997	0
932999	4
933002	2
933003	10
933004	7
933005	2
933006	10
933007	2
933008	4
933010	6
933011	2
933012	2
933013	1
933014	4
933015	2
933016	2
933017	0
933019	4
933020	0
933022	4
933024	2
933032	6
933033	7
933035	10
933036	10
933042	10
933043	7
933058	4
933064	0
933065	6
933065	6
933066	0
933068	9
933069	0
933070	2
933071	7
933072	8
933073	8
933074	0
933075	1
933076	0
933079	8
933082	0
933083	0
933086	4
933088	4
933095	4
933096	4
933097	4
933099	4
933100	7
933102	4
933105	4
933106	2
933109	5
933111	4
933112	0
933113	2
933114	4
933115	4
933116	9
933117	4
933118	8
933119	9
933121	5
933122	2
933123	3
933124	0
933126	5
933127	1
933129	3
933130	9
933133	3
933134	2
933135	0
933136	4
933137	2
933138	4
933140	9
933141	3
933142	2
933143	2
933144	7
933145	8
933146	8
933147	2
933155	2
933156	0
933157	2
933158	6
933159	0
933160	6
933161	4
933162	4
933163	10
933163	10
933164	4
933165	0
933167	8
933168	1
933170	6
933172	2
933174	5
933175	8
933176	5
933178	8
933186	0
933187	0
933188	4
933189	2
933189	2
933192	2
933194	8
933195	2
933196	4
933197	2
933198	6
933200	9
933207	4
933208	1
933209	8
933211	2
933220	7
933222	5
933229	5
933230	5
933241	8
933244	5
933246	3
933251	3
933258	5
933266	5
933271	1
933278	8
933288	1
933291	3
933307	8
933309	4
933312	4
933313	4
933314	2
933315	6
933316	2
933317	4
933318	4
933319	0
933320	2
933321	4
933322	4
933323	4
933324	4
933325	4
933326	5
933327	3
933329	3
933330	0
933333	4
933334	9
933336	0
933338	4
933340	7
933342	7
933343	0
933344	8
933345	2
933346	6
933347	1
933348	1
933349	9
933350	4
933351	6
933352	4
933353	9
933354	4
933355	4
933356	7
933357	2
933361	9
933362	3
933363	2
933366	6
933368	2
933369	2
933370	8
933372	4
933373	10
933374	10
933376	10
933378	5
933379	5
933380	5
933381	5
933383	2
933384	0
933385	2
933386	0
933387	4
933388	8
933390	5
933400	6
933401	0
933403	2
933404	4
933405	1
933406	4
933411	4
933412	4
933413	10
933414	0
933415	10
933415	10
933416	0
933421	7
933428	5
933434	8
933435	3
933435	2
933436	2
933437	6
933443	0
933444	4
933445	0
933446	5
933447	5
933448	8
933449	4
933452	2
933454	2
933456	0
933458	5
933459	5
933461	5
933462	5
933467	4
933469	4
933470	10
933471	10
933472	2
933474	9
933475	4
933476	0
933478	2
933480	0
933481	4
933482	0
933483	9
933485	6
933486	0
933487	4
933488	2
933492	2
933494	3
933497	2
933499	0
933501	4
933503	1
933508	8
933509	4
933510	3
933511	5
933512	0
933513	6
933514	1
933516	6
933518	8
933519	6
933522	4
933523	9
933524	2
933525	2
933526	2
933528	2
933532	6
933533	3
933534	4
933535	3
933537	8
933538	7
933541	7
933544	5
933545	4
933546	5
933548	4
933549	4
933550	7
933551	4
933552	2
933553	10
933554	2
933556	6
933557	2
933561	5
933562	4
933572	4
933573	4
933577	8
933587	4
933589	2
933590	6
933591	5
933592	1
933593	4
933594	3
933595	7
933599	9
933601	8
933602	5
933606	10
933607	10
933607	10
933608	4
933610	2
933611	8
933615	0
933617	1
933618	7
933627	7
933628	2
933630	4
933632	7
933633	1
933634	4
933635	1
933636	7
933637	2
933638	4
933639	7
933640	4
933649	5
933650	6
933651	6
933653	4
933654	6
933655	4
933656	4
933658	2
933660	9
933661	2
933662	6
933663	7
933664	9
933665	2
933666	8
933667	8
933668	2
933669	0
933670	9
933671	8
933672	10
933673	4
933675	2
933676	2
933677	10
933678	10
933680	7
933681	7
933682	5
933683	0
933684	6
933685	7
933688	10
933689	3
933690	10
933698	2
933700	7
933702	7
933703	2
933706	4
933709	8
933710	4
933711	5
933714	1
933716	4
933717	4
933718	4
933719	8
933720	4
933721	9
933723	8
933726	4
933727	4
933731	10
933732	10
933734	10
933735	4
933740	1
933742	5
933743	0
933745	0
933746	8
933747	8
933748	1
933749	0
933751	2
933752	1
933754	1
933755	4
933756	7
933757	5
933758	2
933759	5
933760	1
933761	5
933762	9
933762	9
933763	5
933765	4
933769	3
933770	6
933770	6
933771	5
933772	2
933773	2
933774	7
933775	0
933776	0
933777	0
933778	0
933780	2
933781	6
933782	4
933783	0
933785	2
933786	7
933787	7
933788	4
933791	4
933793	4
933801	6
933802	7
933804	4
933805	6
933806	10
933806	10
933809	7
933810	10
933811	7
933815	4
933816	9
933818	2
933820	9
933821	9
933822	9
933823	4
933824	6
933825	5
933826	5
933827	5
933828	9
933831	4
933836	0
933837	1
933838	4
933839	3
933840	4
933841	9
933842	1
933844	4
933846	5
933847	9
933848	10
933850	2
933852	6
933854	1
933859	5
933860	9
933861	2
933871	8
933872	9
933872	3
933873	8
933875	0
933878	4
933879	4
933880	1
933882	4
933885	3
933886	3
933887	3
933888	6
933889	3
933890	3
933891	4
933892	3
933893	4
933897	2
933898	3
933899	0
933900	5
933908	5
933910	4
933913	4
933914	0
933915	4
933917	7
933919	2
933920	10
933921	5
933922	9
933923	8
933924	2
933925	0
933927	2
933929	4
933931	5
933932	2
933933	2
933934	8
933935	2
933937	2
933938	7
933939	4
933941	5
933944	2
933945	0
933948	8
933949	7
933951	4
933952	1
933956	2
933957	2
933958	8
933959	4
933961	1
933962	6
933963	1
933965	4
933966	8
933967	4
933968	4
933969	4
933970	3
933971	3
933972	3
933973	3
933975	10
933976	6
933977	6
933978	3
933979	10
933980	4
933982	4
933985	5
933986	2
933987	5
933988	2
933991	8
933991	8
933992	5
933993	7
933994	2
933995	7
933996	5
933997	2
933998	0
933999	8
934000	2
934001	6
934002	0
934003	4
934004	4
934005	0
934006	2
934008	2
934017	4
934018	1
934019	4
934023	4
934024	1
934025	2
934027	5
934028	0
934029	6
934030	2
934032	0
934034	5
934037	4
934039	6
934040	9
934042	1
934044	2
934045	6
934048	0
934049	4
934051	0
934053	0
934056	8
934057	8
934059	10
934060	10
934061	2
934063	0
934066	0
934068	5
934069	3
934070	1
934071	6
934072	4
934073	8
934074	1
934075	8
934076	6
934076	6
934077	8
934078	1
934079	2
934080	1
934081	0
934082	4
934083	4
934084	4
934086	4
934088	10
934090	6
934092	10
934093	0
934094	5
934096	2
934097	2
934098	5
934099	4
934100	4
934102	3
934103	0
934112	4
934114	5
934115	7
934116	9
934117	2
934118	9
934119	3
934120	7
934121	0
934124	7
934125	9
934126	3
934128	9
934129	2
934131	9
934132	2
934137	4
934139	2
934142	4
934144	5
934145	0
934147	2
934148	0
934150	7
934151	2
934153	7
934154	4
934155	4
934156	6
934157	0
934158	5
934159	0
934160	2
934161	2
934162	7
934163	5
934164	5
934165	7
934166	5
934167	5
934169	8
934175	8
934178	4
934179	8
934180	6
934182	2
934185	2
934187	0
934188	8
934191	2
934193	8
934194	5
934195	4
934199	4
934200	10
934202	4
934204	3
934206	10
934208	3
934210	10
934210	10
934211	2
934214	4
934215	4
934216	4
934217	3
934219	1
934220	3
934221	0
934223	10
934224	1
934225	7
934227	7
934229	4
934230	8
934232	4
934233	2
934234	8
934235	6
934236	2
934238	2
934239	1
934240	4
934243	4
934245	2
934247	4
934248	4
934249	9
934251	2
934253	5
934254	4
934255	4
934256	9
934257	4
934258	9
934260	8
934265	1
934267	5
934268	7
934269	8
934270	7
934271	0
934272	0
934273	9
934274	4
934275	7
934276	9
934277	3
934278	4
934279	4
934280	2
934281	2
934283	4
934286	6
934287	8
934291	2
934292	4
934293	2
934294	8
934297	6
934298	4
934298	4
934301	1
934302	1
934304	5
934305	5
934306	6
934307	1
934308	1
934311	5
934312	4
934314	2
934316	10
934317	1
934318	10
934318	10
934322	9
934323	10
934324	2
934325	4
934326	2
934327	1
934328	10
934331	8
934332	5
934333	8
934335	1
934337	9
934338	8
934339	7
934340	6
934341	5
934342	5
934343	4
934344	7
934345	9
934347	1
934348	4
934351	10
934354	3
934355	2
934356	6
934357	2
934360	5
934362	5
934363	5
934367	3
934368	7
934371	7
934372	2
934373	4
934375	4
934377	4
934382	4
934390	1
934393	0
934397	6
934399	10
934403	4
934427	7
934428	10
934429	1
934430	1
934431	4
934433	6
934434	6
934436	5
934437	8
934438	2
934438	3
934440	4
934441	5
934449	6
934454	4
934455	9
934456	1
934457	2
934458	4
934459	9
934460	4
934460	4
934461	8
934462	4
934463	6
934464	3
934465	6
934466	4
934467	3
934468	9
934470	0
934472	3
934474	2
934475	3
934477	4
934478	7
934479	1
934480	2
934481	4
934483	9
934484	3
934486	2
934488	4
934490	5
934492	8
934493	2
934495	4
934497	1
934499	4
934502	2
934503	10
934504	2
934506	1
934507	4
934508	6
934509	2
934511	1
934512	10
934515	4
934516	0
934518	4
934519	6
934520	7
934521	3
934522	2
934523	0
934524	0
934526	7
934527	7
934529	1
934530	3
934531	2
934532	8
934534	7
934535	8
934536	7
934537	4
934537	4
934538	7
934539	5
934540	6
934541	3
934542	1
934543	2
934544	0
934545	0
934546	7
934547	3
934549	4
934552	4
934555	5
934557	4
934562	4
934564	2
934565	6
934567	2
934569	4
934570	2
934571	0
934573	2
934574	2
934575	2
934576	2
934578	8
934579	1
934580	7
934581	10
934582	7
934583	5
934584	5
934585	8
934586	7
934587	5
934588	10
934593	9
934595	9
934596	1
934597	4
934598	6
934600	0
934601	4
934602	3
934603	6
934606	8
934607	3
934610	0
934611	8
934612	10
934612	10
934613	2
934615	8
934616	10
934617	2
934618	4
934619	8
934620	7
934623	9
934624	4
934625	10
934626	0
934627	2
934628	6
934633	8
934634	4
934635	2
934636	8
934637	2
934638	5
934639	2
934640	10
934640	10
934641	4
934642	2
934643	5
934644	5
934645	4
934646	2
934647	2
934649	4
934650	4
934655	2
934657	2
934658	10
934659	8
934667	2
934667	2
934668	1
934669	0
934670	2
934671	1
934672	6
934673	0
934674	3
934675	10
934676	3
934678	8
934679	2
934680	5
934683	2
934684	3
934687	4
934689	3
934690	0
934694	8
934695	9
934697	5
934698	5
934699	10
934702	3
934716	4
934719	2
934721	8
934722	4
934724	4
934730	7
934733	4
934736	2
934738	4
934744	10
934746	3
934749	3
934751	2
934757	2
934758	4
934759	1
934760	4
934761	8
934762	9
934766	8
934769	8
934773	7
934774	8
934778	6
934779	0
934780	8
934781	4
934782	3
934783	2
934784	2
934785	2
934786	2
934787	9
934788	2
934789	4
934790	2
934791	4
934797	6
934798	2
934800	3
934801	5
934803	5
934804	5
934806	2
934807	2
934808	0
934809	6
934810	4
934811	2
934812	6
934812	6
934814	8
934817	4
934818	5
934819	6
934820	4
934821	4
934823	5
934825	8
934827	10
934829	4
934830	2
934831	5
934832	8
934838	7
934839	2
934840	0
934842	4
934843	0
934845	4
934847	1
934848	4
934849	7
934850	2
934851	0
934853	1
934855	4
934856	4
934857	7
934859	4
934861	2
934862	2
934863	7
934864	7
934865	5
934866	6
934867	3
934868	0
934869	2
934871	10
934872	2
934873	0
934875	8
934876	4
934877	4
934879	4
934880	4
934881	4
934882	2
934883	2
934884	2
934886	2
934888	6
934889	4
934890	2
934892	4
934893	8
934894	4
934896	4
934899	4
934900	1
934902	2
934903	3
934905	10
934905	10
934906	4
934907	10
934908	10
934911	4
934912	0
934913	4
934916	1
934918	7
934920	4
934921	0
934922	3
934923	8
934924	3
934927	8
934928	5
934929	7
934931	8
934932	8
934933	5
934934	7
934935	8
934936	7
934941	8
934942	8
934944	7
934945	9
934946	8
934948	0
934949	2
934950	2
934951	4
934952	3
934952	3
934954	2
934955	3
934956	2
934958	4
934960	2
934973	10
934974	2
934975	5
934976	6
934977	8
934978	8
934979	5
934980	3
934981	9
934981	9
934984	3
934984	3
934985	0
934986	1
934989	0
934991	0
934992	0
934993	0
935000	10
935001	4
935002	4
935003	4
935004	4
935005	4
935006	6
935007	4
935008	2
935009	4
935015	1
935017	1
935018	4
935020	4
935021	4
935032	10
935033	2
935035	2
935036	8
935037	8
935038	8
935039	8
935040	10
935042	5
935049	3
935051	5
935053	2
935054	2
935057	5
935058	8
935061	10
935062	4
935063	2
935065	2
935066	0
935067	6
935070	4
935071	8
935072	2
935073	0
935075	2
935077	4
935080	4
935081	8
935083	9
935086	0
935087	2
935089	2
935093	5
935095	1
935096	9
935099	7
935102	8
935103	8
935107	8
935109	4
935110	3
935113	7
935115	7
935116	3
935118	4
935119	6
935120	5
935121	9
935122	4
935124	2
935125	5
935126	5
935127	5
935129	7
935130	2
935131	5
935132	2
935133	5
935135	4
935136	4
935137	2
935138	5
935139	7
935140	0
935141	4
935142	2
935143	4
935144	4
935150	5
935151	4
935152	3
935155	10
935155	10
935156	2
935157	3
935158	4
935161	10
935164	3
935166	8
935167	8
935168	2
935169	1
935170	4
935171	4
935172	1
935173	1
935175	2
935176	8
935178	5
935180	5
935182	4
935185	3
935186	10
935186	10
935187	4
935190	7
935191	1
935194	7
935195	4
935199	4
935200	4
935204	4
935207	4
935208	9
935209	4
935213	4
935214	0
935215	0
935216	8
935217	2
935218	1
935219	7
935221	10
935221	10
935222	2
935223	3
935224	7
935226	8
935229	2
935230	1
935232	10
935233	7
935234	3
935234	3
935235	4
935236	10
935237	1
935242	4
935243	6
935245	4
935247	4
935248	8
935249	2
935252	2
935253	3
935254	8
935257	9
935259	9
935260	4
935267	4
935268	6
935269	4
935270	8
935271	1
935272	7
935273	1
935274	5
935275	5
935282	4
935283	10
935284	3
935286	10
935287	4
935289	2
935291	3
935292	2
935294	3
935296	3
935297	3
935298	10
935298	10
935299	1
935300	3
935302	0
935303	10
935305	7
935306	7
935307	2
935310	8
935312	5
935313	0
935314	5
935315	3
935316	2
935317	5
935319	7
935320	0
935321	1
935323	0
935324	6
935324	6
935325	8
935326	4
935327	10
935329	4
935330	4
935333	4
935335	7
935336	8
935337	2
935338	10
935340	1
935341	2
935343	6
935344	8
935345	0
935347	7
935349	3
935350	10
935351	9
935352	7
935355	8
935357	9
935357	3
935358	7
935362	4
935364	3
935365	3
935366	4
935367	4
935368	2
935369	7
935370	1
935371	4
935372	2
935373	9
935373	9
935375	9
935377	4
935378	0
935379	0
935380	8
935381	4
935382	2
935383	0
935384	8
935385	4
935386	8
935388	4
935391	6
935392	2
935394	2
935395	2
935403	4
935407	2
935408	1
935411	4
935412	4
935413	8
935414	4
935415	4
935416	1
935417	1
935418	2
935419	9
935423	2
935423	2
935426	2
935427	4
935431	2
935432	5
935433	4
935434	4
935435	6
935436	4
935437	4
935438	4
935439	2
935441	5
935442	4
935443	1
935444	4
935445	1
935446	6
935451	8
935452	5
935455	2
935457	0
935459	4
935460	2
935461	6
935462	4
935463	4
935464	1
935465	5
935466	8
935468	4
935469	3
935470	3
935471	5
935480	4
935481	4
935483	4
935483	2
935484	9
935485	6
935486	4
935487	4
935488	5
935489	3
935490	7
935491	2
935491	2
935494	4
935495	4
935496	4
935497	9
935497	9
935499	4
935504	4
935506	4
935507	3
935509	4
935512	2
935513	6
935514	0
935515	7
935517	7
935521	4
935523	3
935525	1
935526	4
935527	6
935531	4
935533	2
935538	3
935540	0
935541	9
935543	8
935544	8
935545	1
935546	4
935546	4
935547	4
935548	4
935549	8
935550	8
935551	8
935552	6
935553	8
935554	5
935557	6
935557	6
935558	8
935559	5
935560	4
935561	2
935562	8
935564	2
935565	8
935567	2
935568	5
935569	1
935570	0
935571	2
935572	1
935573	6
935574	6
935577	2
935579	2
935584	2
935585	9
935586	2
935588	4
935590	4
935591	2
935592	4
935594	5
935596	3
935597	5
935598	4
935599	5
935600	5
935602	4
935603	7
935604	10
935605	6
935606	5
935607	7
935608	6
935609	0
935611	4
935612	7
935613	5
935614	6
935616	4
935617	4
935618	8
935619	2
935620	8
935621	1
935622	4
935624	1
935625	4
935627	5
935628	8
935629	2
935630	10
935631	4
935634	4
935637	4
935638	0
935641	0
935642	4
935644	4
935645	0
935647	4
935649	4
935652	4
935653	4
935654	3
935657	7
935658	6
935659	3
935660	3
935661	2
935662	2
